0.0588235294118 0.0588235294118 1.61653890233e-05 
0.0588235294118 0.117647058824 6.42855936921e-05 
0.0588235294118 0.176470588235 0.000143318155725 
0.0588235294118 0.235294117647 0.000234858415349 
0.0588235294118 0.294117647059 0.000320429898979 
0.0588235294118 0.352941176471 0.000397755915725 
0.0588235294118 0.411764705882 0.000458475363126 
0.0588235294118 0.470588235294 0.000493489859848 
0.0588235294118 0.529411764706 0.00049886750362 
0.0588235294118 0.588235294118 0.000467226726971 
0.0588235294118 0.647058823529 0.000405428408522 
0.0588235294118 0.705882352941 0.000320115608645 
0.0588235294118 0.764705882353 0.000224009377213 
0.0588235294118 0.823529411765 0.000137085776605 
0.0588235294118 0.882352941176 6.63535451618e-05 
0.0588235294118 0.941176470588 1.75328173528e-05 
0.117647058824 0.0588235294118 6.35975578549e-05 
0.117647058824 0.117647058824 0.000252289259024 
0.117647058824 0.176470588235 0.000560724831803 
0.117647058824 0.235294117647 0.000919242317826 
0.117647058824 0.294117647059 0.00125801876893 
0.117647058824 0.352941176471 0.0015635981833 
0.117647058824 0.411764705882 0.00180244498283 
0.117647058824 0.470588235294 0.00193828455089 
0.117647058824 0.529411764706 0.00195775285021 
0.117647058824 0.588235294118 0.00183268227044 
0.117647058824 0.647058823529 0.00158951072328 
0.117647058824 0.705882352941 0.00125680060188 
0.117647058824 0.764705882353 0.00088215024013 
0.117647058824 0.823529411765 0.000540966509913 
0.117647058824 0.882352941176 0.000261769590557 
0.117647058824 0.941176470588 6.90909163702e-05 
0.176470588235 0.0588235294118 0.000139711271382 
0.176470588235 0.117647058824 0.000551795965382 
0.176470588235 0.176470588235 0.00121352414761 
0.176470588235 0.235294117647 0.00199042742198 
0.176470588235 0.294117647059 0.00274736662774 
0.176470588235 0.352941176471 0.00342211147535 
0.176470588235 0.411764705882 0.00394614452483 
0.176470588235 0.470588235294 0.00423450218645 
0.176470588235 0.529411764706 0.00425513354716 
0.176470588235 0.588235294118 0.0039819921582 
0.176470588235 0.647058823529 0.00344929671248 
0.176470588235 0.705882352941 0.0027330614235 
0.176470588235 0.764705882353 0.00193238010638 
0.176470588235 0.823529411765 0.00118878285671 
0.176470588235 0.882352941176 0.000572979493165 
0.176470588235 0.941176470588 0.00015076956146 
0.235294117647 0.0588235294118 0.000230916514928 
0.235294117647 0.117647058824 0.000909734842329 
0.235294117647 0.176470588235 0.00199345131821 
0.235294117647 0.235294117647 0.0032685068718 
0.235294117647 0.294117647059 0.00451993699489 
0.235294117647 0.352941176471 0.00562962505551 
0.235294117647 0.411764705882 0.00647876674564 
0.235294117647 0.470588235294 0.00693467293141 
0.235294117647 0.529411764706 0.00694906769425 
0.235294117647 0.588235294118 0.00650020964462 
0.235294117647 0.647058823529 0.00564441975251 
0.235294117647 0.705882352941 0.00448490598795 
0.235294117647 0.764705882353 0.00317973472299 
0.235294117647 0.823529411765 0.00196036711494 
0.235294117647 0.882352941176 0.000944729453701 
0.235294117647 0.941176470588 0.000248535003048 
0.294117647059 0.0588235294118 0.00032427985811 
0.294117647059 0.117647058824 0.00127511205352 
0.294117647059 0.176470588235 0.00277845197637 
0.294117647059 0.235294117647 0.00455194146465 
0.294117647059 0.294117647059 0.00630805980296 
0.294117647059 0.352941176471 0.00784868161324 
0.294117647059 0.411764705882 0.00899795886231 
0.294117647059 0.470588235294 0.00960221764955 
0.294117647059 0.529411764706 0.00958733711698 
0.294117647059 0.588235294118 0.00896221682182 
0.294117647059 0.647058823529 0.00782627626506 
0.294117647059 0.705882352941 0.00623730091273 
0.294117647059 0.764705882353 0.00443220032483 
0.294117647059 0.823529411765 0.00273523745556 
0.294117647059 0.882352941176 0.00131753245828 
0.294117647059 0.941176470588 0.000346956056417 
0.352941176471 0.0588235294118 0.00040505243784 
0.352941176471 0.117647058824 0.0015914267414 
0.352941176471 0.176470588235 0.00346596833676 
0.352941176471 0.235294117647 0.00567695571012 
0.352941176471 0.294117647059 0.00786416753618 
0.352941176471 0.352941176471 0.00977667899917 
0.352941176471 0.411764705882 0.0111907437467 
0.352941176471 0.470588235294 0.0119192309645 
0.352941176471 0.529411764706 0.0118769775059 
0.352941176471 0.588235294118 0.0110974365618 
0.352941176471 0.647058823529 0.00969800250367 
0.352941176471 0.705882352941 0.00773564083627 
0.352941176471 0.764705882353 0.00551260642509 
0.352941176471 0.823529411765 0.00340839628205 
0.352941176471 0.882352941176 0.00164456115044 
0.352941176471 0.941176470588 0.000433576903855 
0.411764705882 0.0588235294118 0.000460526625069 
0.411764705882 0.117647058824 0.00181099891683 
0.411764705882 0.176470588235 0.00396492722046 
0.411764705882 0.235294117647 0.00649817658099 
0.411764705882 0.294117647059 0.00899524722518 
0.411764705882 0.352941176471 0.0111768779476 
0.411764705882 0.411764705882 0.0127934954172 
0.411764705882 0.470588235294 0.0136064263158 
0.411764705882 0.529411764706 0.0135455149619 
0.411764705882 0.588235294118 0.0126496255322 
0.411764705882 0.647058823529 0.0110435316609 
0.411764705882 0.705882352941 0.00881528495911 
0.411764705882 0.764705882353 0.00630285242287 
0.411764705882 0.823529411765 0.0039059904063 
0.411764705882 0.882352941176 0.00188913636956 
0.411764705882 0.941176470588 0.000498938735447 
0.470588235294 0.0588235294118 0.000491479102535 
0.470588235294 0.117647058824 0.00193170578087 
0.470588235294 0.176470588235 0.00422942508243 
0.470588235294 0.235294117647 0.00693316790447 
0.470588235294 0.294117647059 0.00960279008121 
0.470588235294 0.352941176471 0.0119296679811 
0.470588235294 0.411764705882 0.0136416165328 
0.470588235294 0.470588235294 0.0144940355931 
0.470588235294 0.529411764706 0.0144108774564 
0.470588235294 0.588235294118 0.0134514687257 
0.470588235294 0.647058823529 0.0117362114666 
0.470588235294 0.705882352941 0.0093620126253 
0.470588235294 0.764705882353 0.00669372840835 
0.470588235294 0.823529411765 0.00415073810069 
0.470588235294 0.882352941176 0.00200933410545 
0.470588235294 0.941176470588 0.000530940050957 
0.529411764706 0.0588235294118 0.000495767037383 
0.529411764706 0.117647058824 0.00194292055171 
0.529411764706 0.176470588235 0.00423166190178 
0.529411764706 0.235294117647 0.00693281423549 
0.529411764706 0.294117647059 0.00962729560415 
0.529411764706 0.352941176471 0.0119635677367 
0.529411764706 0.411764705882 0.0136626680564 
0.529411764706 0.470588235294 0.0145003508178 
0.529411764706 0.529411764706 0.0143425793924 
0.529411764706 0.588235294118 0.0133778280517 
0.529411764706 0.647058823529 0.0116457690255 
0.529411764706 0.705882352941 0.00927941381416 
0.529411764706 0.764705882353 0.00664092248864 
0.529411764706 0.823529411765 0.00412055466541 
0.529411764706 0.882352941176 0.00200123306702 
0.529411764706 0.941176470588 0.000529223502298 
0.588235294118 0.0588235294118 0.000469134013697 
0.588235294118 0.117647058824 0.00183155302741 
0.588235294118 0.176470588235 0.00396616998744 
0.588235294118 0.235294117647 0.00648298767764 
0.588235294118 0.294117647059 0.00899914367567 
0.588235294118 0.352941176471 0.0111819798028 
0.588235294118 0.411764705882 0.0127619059606 
0.588235294118 0.470588235294 0.0135393469531 
0.588235294118 0.529411764706 0.0133851198854 
0.588235294118 0.588235294118 0.0124856506683 
0.588235294118 0.647058823529 0.0108612267153 
0.588235294118 0.705882352941 0.00864555842264 
0.588235294118 0.764705882353 0.0061756283274 
0.588235294118 0.823529411765 0.00383023394478 
0.588235294118 0.882352941176 0.00186232300751 
0.588235294118 0.941176470588 0.000492784560064 
0.647058823529 0.0588235294118 0.000416326853753 
0.647058823529 0.117647058824 0.00161642057916 
0.647058823529 0.176470588235 0.00345753858536 
0.647058823529 0.235294117647 0.0056296852823 
0.647058823529 0.294117647059 0.00779492001231 
0.647058823529 0.352941176471 0.00969030571083 
0.647058823529 0.411764705882 0.0110984979123 
0.647058823529 0.470588235294 0.0117714235751 
0.647058823529 0.529411764706 0.0115995473618 
0.647058823529 0.588235294118 0.010813045575 
0.647058823529 0.647058823529 0.0093864535857 
0.647058823529 0.705882352941 0.00746627110634 
0.647058823529 0.764705882353 0.00533910699002 
0.647058823529 0.823529411765 0.00331278287204 
0.647058823529 0.882352941176 0.00161883876421 
0.647058823529 0.941176470588 0.000429357662148 
0.705882352941 0.0588235294118 0.000334546341762 
0.705882352941 0.117647058824 0.0012957314864 
0.705882352941 0.176470588235 0.00276185324811 
0.705882352941 0.235294117647 0.00448925192603 
0.705882352941 0.294117647059 0.006212624735 
0.705882352941 0.352941176471 0.00772176969035 
0.705882352941 0.411764705882 0.00883527536895 
0.705882352941 0.470588235294 0.00936605937141 
0.705882352941 0.529411764706 0.00922571982874 
0.705882352941 0.588235294118 0.00859574966712 
0.705882352941 0.647058823529 0.00746135795705 
0.705882352941 0.705882352941 0.00592944607522 
0.705882352941 0.764705882353 0.00423420741617 
0.705882352941 0.823529411765 0.00262506397988 
0.705882352941 0.882352941176 0.00128304846827 
0.705882352941 0.941176470588 0.000340494940546 
0.764705882353 0.0588235294118 0.00023868409558 
0.764705882353 0.117647058824 0.000924459212729 
0.764705882353 0.176470588235 0.0019699838611 
0.764705882353 0.235294117647 0.00320423451389 
0.764705882353 0.294117647059 0.00444203241125 
0.764705882353 0.352941176471 0.00552387423739 
0.764705882353 0.411764705882 0.00631214438206 
0.764705882353 0.470588235294 0.00668523547873 
0.764705882353 0.529411764706 0.0065925901096 
0.764705882353 0.588235294118 0.00612840168458 
0.764705882353 0.647058823529 0.00531738586424 
0.764705882353 0.705882352941 0.00422482070449 
0.764705882353 0.764705882353 0.00300685864934 
0.764705882353 0.823529411765 0.00186073376458 
0.764705882353 0.882352941176 0.000906900570496 
0.764705882353 0.941176470588 0.000240234319951 
0.823529411765 0.0588235294118 0.000145488040186 
0.823529411765 0.117647058824 0.000564768802442 
0.823529411765 0.176470588235 0.0012077468067 
0.823529411765 0.235294117647 0.00196957567329 
0.823529411765 0.294117647059 0.00273753450667 
0.823529411765 0.352941176471 0.00341183199927 
0.823529411765 0.411764705882 0.00390612797259 
0.823529411765 0.470588235294 0.00414102577502 
0.823529411765 0.529411764706 0.00408584637212 
0.823529411765 0.588235294118 0.00379487665045 
0.823529411765 0.647058823529 0.00328850352454 
0.823529411765 0.705882352941 0.00261038068361 
0.823529411765 0.764705882353 0.0018559441872 
0.823529411765 0.823529411765 0.00114696761427 
0.823529411765 0.882352941176 0.000557840498599 
0.823529411765 0.941176470588 0.000147573770221 
0.882352941176 0.0588235294118 6.77161932434e-05 
0.882352941176 0.117647058824 0.000264277439826 
0.882352941176 0.176470588235 0.000572282051278 
0.882352941176 0.235294117647 0.000937858327896 
0.882352941176 0.294117647059 0.00130848656224 
0.882352941176 0.352941176471 0.00163926973083 
0.882352941176 0.411764705882 0.00189838269252 
0.882352941176 0.470588235294 0.00201827771217 
0.882352941176 0.529411764706 0.00199236190024 
0.882352941176 0.588235294118 0.00184735891297 
0.882352941176 0.647058823529 0.00159516928309 
0.882352941176 0.705882352941 0.00126536292416 
0.882352941176 0.764705882353 0.000900994915136 
0.882352941176 0.823529411765 0.000556327636719 
0.882352941176 0.882352941176 0.000269480279837 
0.882352941176 0.941176470588 7.11005739523e-05 
0.941176470588 0.0588235294118 1.74352283038e-05 
0.941176470588 0.117647058824 6.82899656798e-05 
0.941176470588 0.176470588235 0.000148719621387 
0.941176470588 0.235294117647 0.000244576314726 
0.941176470588 0.294117647059 0.000342260317077 
0.941176470588 0.352941176471 0.000430484347527 
0.941176470588 0.411764705882 0.000501549663651 
0.941176470588 0.470588235294 0.00053393157516 
0.941176470588 0.529411764706 0.000527348694315 
0.941176470588 0.588235294118 0.00048866615747 
0.941176470588 0.647058823529 0.000421460714481 
0.941176470588 0.705882352941 0.000334198159946 
0.941176470588 0.764705882353 0.000237953426806 
0.941176470588 0.823529411765 0.000146852614094 
0.941176470588 0.882352941176 7.09753634515e-05 
0.941176470588 0.941176470588 1.8697254948e-05 
