0.111111111111 0.111111111111 0.000653198259101 
0.111111111111 0.222222222222 0.00232392913148 
0.111111111111 0.333333333333 0.00427029190839 
0.111111111111 0.444444444444 0.00553499308948 
0.111111111111 0.555555555556 0.0055111836517 
0.111111111111 0.666666666667 0.00426063103042 
0.111111111111 0.777777777778 0.00235576087998 
0.111111111111 0.888888888889 0.000668902461983 
0.222222222222 0.111111111111 0.00232683684471 
0.222222222222 0.222222222222 0.00827693871361 
0.222222222222 0.333333333333 0.0152078766457 
0.222222222222 0.444444444444 0.0197120272053 
0.222222222222 0.555555555556 0.019629779048 
0.222222222222 0.666666666667 0.0151801026948 
0.222222222222 0.777777777778 0.00839822599635 
0.222222222222 0.888888888889 0.0023856050974 
0.333333333333 0.111111111111 0.00428392386612 
0.333333333333 0.222222222222 0.0152366674693 
0.333333333333 0.333333333333 0.0280015562302 
0.333333333333 0.444444444444 0.03629857279 
0.333333333333 0.555555555556 0.0361646500329 
0.333333333333 0.666666666667 0.0279782799544 
0.333333333333 0.777777777778 0.0154905341648 
0.333333333333 0.888888888889 0.00440225427189 
0.444444444444 0.111111111111 0.00555298112825 
0.444444444444 0.222222222222 0.0197476553444 
0.444444444444 0.333333333333 0.0362884324297 
0.444444444444 0.444444444444 0.0470445865233 
0.444444444444 0.555555555556 0.0468788148188 
0.444444444444 0.666666666667 0.0362733376548 
0.444444444444 0.777777777778 0.0200900008254 
0.444444444444 0.888888888889 0.00571063865524 
0.555555555556 0.111111111111 0.00552298129482 
0.555555555556 0.222222222222 0.0196374228443 
0.555555555556 0.333333333333 0.0360760135416 
0.555555555556 0.444444444444 0.0467697809267 
0.555555555556 0.555555555556 0.0466121554149 
0.555555555556 0.666666666667 0.0360706571644 
0.555555555556 0.777777777778 0.019976976727 
0.555555555556 0.888888888889 0.00567845409319 
0.666666666667 0.111111111111 0.00426370012258 
0.666666666667 0.222222222222 0.0151565043257 
0.666666666667 0.333333333333 0.0278347161591 
0.666666666667 0.444444444444 0.0360858034311 
0.666666666667 0.555555555556 0.0359769941912 
0.666666666667 0.666666666667 0.0278449625137 
0.666666666667 0.777777777778 0.0154176205552 
0.666666666667 0.888888888889 0.00438157327067 
0.777777777778 0.111111111111 0.00235607450911 
0.777777777778 0.222222222222 0.0083710650313 
0.777777777778 0.333333333333 0.015347342467 
0.777777777778 0.444444444444 0.0198994388917 
0.777777777778 0.555555555556 0.019865544485 
0.777777777778 0.666666666667 0.0153774669952 
0.777777777778 0.777777777778 0.00850702600253 
0.777777777778 0.888888888889 0.00241630990077 
0.888888888889 0.111111111111 0.000668493834477 
0.888888888889 0.222222222222 0.00237468757889 
0.888888888889 0.333333333333 0.00435178793322 
0.888888888889 0.444444444444 0.00564311666712 
0.888888888889 0.555555555556 0.00563594092842 
0.888888888889 0.666666666667 0.00436285250377 
0.888888888889 0.777777777778 0.00241241237039 
0.888888888889 0.888888888889 0.000684940612186 
