0 5.27299549207 5.31510543568 -3.33489456432 9.95131798427 6.73082080946e-05
1 5.27088649768 5.31261982713 -3.33738017287 9.95175337637 6.39836368143e-05
2 5.26929518179 5.31043906758 -3.33956093242 9.95243481411 6.78411948896e-05
3 5.26813573463 5.3085279742 -3.3414720258 9.95330376928 6.98858402756e-05
4 5.26738588206 5.3068545535 -3.3431454465 9.95437147811 6.54905164353e-05
5 5.26697935687 5.3053851828 -3.3446148172 9.95560020124 6.5697051543e-05
6 5.26688129125 5.30410698973 -3.34589301027 9.95696451043 6.76992636648e-05
7 5.26707371731 5.30298715193 -3.34701284807 9.95848157847 7.40834938287e-05
8 5.26751408259 5.30200262504 -3.34799737496 9.96012885267 8.80436317886e-05
9 5.26817919412 5.30115099145 -3.34884900855 9.96188231523 0.000100177855129
10 5.26904808303 5.30040908042 -3.34959091958 9.96374451169 0.000108420327875
11 5.27009547443 5.29976817852 -3.35023182148 9.96569629585 0.00011620037335
12 5.27130848003 5.29920460663 -3.35079539337 9.96775014265 0.0001204747892
13 5.27268128845 5.29872901217 -3.35127098783 9.9698870246 0.000123101674382
14 5.27419401831 5.29832001302 -3.35167998698 9.97210867663 0.000129798940979
15 5.27583539806 5.29797392544 -3.35202607456 9.97440632673 0.000138328239456
16 5.2775979596 5.29767880975 -3.35232119025 9.97678514433 0.000142266452826
17 5.27946540462 5.29743915126 -3.35256084874 9.97922110214 0.000160633975219
18 5.28143468978 5.2972447271 -3.3527552729 9.98172250022 0.000166790200645
19 5.28349268033 5.2970817396 -3.3529182604 9.98429010489 0.000169473287659
20 5.28564757003 5.29695676566 -3.35304323434 9.9869257854 0.000178897614369
21 5.28787879341 5.29685939765 -3.35314060235 9.98961779856 0.000194275835158
22 5.29017920697 5.2967908931 -3.3532091069 9.99235643221 0.000204424170485
23 5.29254944952 5.2967497264 -3.3532502736 9.99514418858 0.000204103818691
24 5.29498445843 5.29673031017 -3.35326968983 9.99798167428 0.000202086269658
25 5.29748084291 5.29673169621 -3.35326830379 10.0008660656 0.00019836134102
26 5.29748084291 5.29673169621 -3.35326830379 10.0008660656 0.00019836134102
27 5.29959392848 5.29673449597 -3.35326550403 10.0033057023 0.000200123754268

