0 5.2479760471 5.22132642908 -3.42867357092 10.030808807 0.000139712799503
1 5.24618089709 5.21759577054 -3.43240422946 10.0330463891 0.000173247546539
2 5.24499027327 5.21429418558 -3.43570581442 10.0354868066 0.000198855045776
3 5.24428613947 5.21133179205 -3.43866820795 10.0380975115 0.000178987744963
4 5.24407106441 5.20868645438 -3.44131354562 10.0409070636 0.000139810935839
5 5.24425404461 5.20631250398 -3.44368749602 10.0438630527 9.22611369061e-05
6 5.24480053682 5.20418414936 -3.44581585064 10.0469553612 9.37439954639e-05
7 5.24564719169 5.2022262301 -3.4477737699 10.0501976435 8.86733404907e-05
8 5.2467752273 5.20046951382 -3.44953048618 10.0535326167 9.90031469802e-05
9 5.24814306205 5.1988803477 -3.4511196523 10.0569511149 8.98528161274e-05
10 5.24973294561 5.1974426748 -3.4525573252 10.0604511801 6.49987815771e-05
11 5.25150339311 5.19609335212 -3.45390664788 10.0640578509 6.8506028127e-05
12 5.25344606386 5.194881458 -3.455118542 10.0677047467 7.12010405151e-05
13 5.25556801065 5.19377128936 -3.45622871064 10.0714412963 7.61999404409e-05
14 5.25777859428 5.19272899051 -3.45727100949 10.0752018541 6.81533994614e-05
15 5.26013913865 5.19178610214 -3.45821389786 10.0790208515 8.42586580209e-05
16 5.26260085399 5.19089633452 -3.45910366548 10.0828953982 8.68212838544e-05
17 5.26515209284 5.19006720104 -3.45993279896 10.0868033431 8.28501625351e-05
18 5.26782705341 5.18929896155 -3.46070103845 10.0907839212 7.58082491628e-05

