0 5.45394165471 5.43189148295 -3.16810851705 10.0256397346 1.96908058237e-07
1 5.43671704369 5.42090733639 -3.17909266361 10.0183833806 3.09506862139e-07
2 5.42098443221 5.41091665762 -3.18908334238 10.0117067146 2.26367695212e-06
3 5.40664750908 5.40185300303 -3.19814699697 10.005575007 2.4918684844e-06
4 5.39359875914 5.39361027339 -3.20638972661 9.99998661134 1.18434047105e-06
5 5.38178072905 5.38614546943 -3.21385453057 9.99492472049 5.68688803701e-06
6 5.37109006322 5.37939741157 -3.22060258843 9.99034029261 6.5660276866e-06
7 5.36139335636 5.37327309385 -3.22672690615 9.98618635175 5.54863402039e-06
8 5.35259651342 5.36769401796 -3.23230598204 9.98244476216 2.92005813228e-06
9 5.34464951489 5.36262483493 -3.23737516507 9.97909846507 4.03698379511e-06
10 5.33747570749 5.35801366615 -3.24198633385 9.97611865272 4.81688827105e-06
11 5.33099857425 5.35381515405 -3.24618484595 9.97346909325 9.97978625e-06
12 5.32513152541 5.34999080626 -3.25000919374 9.97109385947 1.47409695022e-05
13 5.31981815702 5.34650644355 -3.25349355645 9.96896710869 1.66325607784e-05
14 5.31499995444 5.34333379194 -3.25666620806 9.96705367733 2.05830610051e-05
15 5.31062131877 5.34044442979 -3.25955557021 9.96532196392 2.37091935022e-05
16 5.3066138529 5.33781998294 -3.26218001706 9.96371380228 3.35121854188e-05
17 5.30293014052 5.33544132865 -3.26455867135 9.96219629287 3.6951639803e-05
18 5.29955009356 5.33329355257 -3.26670644743 9.96076341976 3.68591292961e-05
19 5.29647804491 5.33134234206 -3.26865765794 9.95946011959 3.82213317866e-05
20 5.29366608265 5.32956002314 -3.27043997686 9.95826285989 3.93394081584e-05
21 5.29105413895 5.32794214316 -3.27205785684 9.95710697184 4.38495180453e-05
22 5.28864983382 5.32646867019 -3.27353132981 9.95602460887 4.2440811923e-05
23 5.28645765788 5.32513548058 -3.27486451942 9.95502578756 4.06557067851e-05
24 5.284483246 5.32393039998 -3.27606960002 9.95413121631 3.76911525515e-05
25 5.28267763596 5.32283964821 -3.27716035179 9.95329998576 3.7540964515e-05
26 5.28103330796 5.32185265153 -3.27814734847 9.95253564702 3.67616192956e-05
27 5.27954834836 5.3209602 -3.2790398 9.95184668413 4.18938587053e-05
28 5.27820811793 5.32015572968 -3.27984427032 9.95122370727 4.27180945706e-05
29 5.27700302727 5.31943008608 -3.28056991392 9.95066621069 4.87681669514e-05
30 5.27591746065 5.31877600548 -3.28122399452 9.95016448275 5.36839386123e-05
31 5.27495047413 5.31818568236 -3.28181431764 9.94972650205 5.53610381598e-05
32 5.2740973473 5.31765742588 -3.28234257412 9.94934874584 6.09311380679e-05
33 5.27335212163 5.31717316809 -3.28282683191 9.94904529482 6.83276727869e-05
34 5.27275019964 5.31674370749 -3.28325629251 9.94884475832 6.95138373791e-05
35 5.27229523099 5.31635810944 -3.28364189056 9.94876409483 6.88646268549e-05
36 5.27198239718 5.31601588741 -3.28398411259 9.94879826718 6.98602701609e-05
37 5.27180571315 5.31571989574 -3.28428010426 9.94893699699 6.74598947959e-05
38 5.27173724785 5.31547232588 -3.28452767412 9.94914525811 6.82325193148e-05
39 5.27177233021 5.31527612745 -3.28472387255 9.94941418925 6.97675236653e-05
40 5.27190249273 5.31513248891 -3.28486751109 9.94973256258 7.46996049412e-05
41 5.27204851186 5.3150354599 -3.2849645401 9.9500151767 7.33883295067e-05
42 5.27223619514 5.3149649882 -3.2850350118 9.9503153569 7.3873581028e-05
43 5.27246172029 5.31491468521 -3.28508531479 9.95063608731 7.40429601879e-05
44 5.2727179755 5.31487883806 -3.28512116194 9.95097574121 7.37622057672e-05
45 5.27299549207 5.3148620256 -3.2851379744 9.95131798427 6.73082080946e-05


