0.444444444444 0.444444444444 0.000359646056448 
0.444444444444 0.888888888889 0.00150971175067 
0.444444444444 1.33333333333 0.00321445290748 
0.444444444444 1.77777777778 0.00454115922697 
0.444444444444 2.22222222222 0.00451944216253 
0.444444444444 2.66666666667 0.00320117361856 
0.444444444444 3.11111111111 0.00151868993169 
0.444444444444 3.55555555556 0.000364284998059 
0.888888888889 0.444444444444 0.00150734815583 
0.888888888889 0.888888888889 0.00631586198463 
0.888888888889 1.33333333333 0.0134298413438 
0.888888888889 1.77777777778 0.0189567131763 
0.888888888889 2.22222222222 0.0188850869367 
0.888888888889 2.66666666667 0.013387273461 
0.888888888889 3.11111111111 0.00635582397079 
0.888888888889 3.55555555556 0.00152601969477 
1.33333333333 0.444444444444 0.00320022219372 
1.33333333333 0.888888888889 0.0133918606029 
1.33333333333 1.33333333333 0.0284208774471 
1.33333333333 1.77777777778 0.04011826418 
1.33333333333 2.22222222222 0.0400540006813 
1.33333333333 2.66666666667 0.0284184447648 
1.33333333333 3.11111111111 0.0134710291385 
1.33333333333 3.55555555556 0.00323536936642 
1.77777777778 0.444444444444 0.00450970367137 
1.77777777778 0.888888888889 0.0188587621522 
1.77777777778 1.33333333333 0.0400233690289 
1.77777777778 1.77777777778 0.0565202529839 
1.77777777778 2.22222222222 0.0564669834537 
1.77777777778 2.66666666667 0.0400743379148 
1.77777777778 3.11111111111 0.0190041860645 
1.77777777778 3.55555555556 0.00456701226309 
2.22222222222 0.444444444444 0.00448077169564 
2.22222222222 0.888888888889 0.0187515771752 
2.22222222222 1.33333333333 0.0398722471151 
2.22222222222 1.77777777778 0.0563354836904 
2.22222222222 2.22222222222 0.0563043279751 
2.22222222222 2.66666666667 0.0399541136505 
2.22222222222 3.11111111111 0.0189493929077 
2.22222222222 3.55555555556 0.00455314461255 
2.66666666667 0.444444444444 0.00316908046502 
2.66666666667 0.888888888889 0.0132762793326 
2.66666666667 1.33333333333 0.0282791108653 
2.66666666667 1.77777777778 0.0399679597256 
2.66666666667 2.22222222222 0.0399243080311 
2.66666666667 2.66666666667 0.0283414219901 
2.66666666667 3.11111111111 0.0134286432647 
2.66666666667 3.55555555556 0.00322485635613 
3.11111111111 0.444444444444 0.00149960064789 
3.11111111111 0.888888888889 0.00629835067579 
3.11111111111 1.33333333333 0.013451250468 
3.11111111111 1.77777777778 0.0190174491221 
3.11111111111 2.22222222222 0.0189470433985 
3.11111111111 2.66666666667 0.0134270036378 
3.11111111111 3.11111111111 0.00636208986691 
3.11111111111 3.55555555556 0.00152590546691 
3.55555555556 0.444444444444 0.00035943820515 
3.55555555556 0.888888888889 0.00151222955488 
3.55555555556 1.33333333333 0.00323638436041 
3.55555555556 1.77777777778 0.0045779884431 
3.55555555556 2.22222222222 0.00455626738962 
3.55555555556 2.66666666667 0.00322545965218 
3.55555555556 3.11111111111 0.00152567968758 
3.55555555556 3.55555555556 0.000365445884411 
