0.857142857143 0.857142857143 -4.25567166388e-21 
0.857142857143 1.71428571429 -2.8005603458e-19 
0.857142857143 2.57142857143 -6.99262397349e-19 
0.857142857143 3.42857142857 -4.25398851715e-18 
0.857142857143 4.28571428571 -1.58612730134e-17 
0.857142857143 5.14285714286 -1.43614089276e-19 
1.71428571429 0.857142857143 -1.48867140915e-19 
1.71428571429 1.71428571429 -1.78947289787e-17 
1.71428571429 2.57142857143 -3.59792775299e-17 
1.71428571429 3.42857142857 -2.09834687933e-16 
1.71428571429 4.28571428571 -1.82256908588e-16 
1.71428571429 5.14285714286 3.52219893087e-17 
2.57142857143 0.857142857143 1.20455135855e-19 
2.57142857143 1.71428571429 -1.2633544155e-17 
2.57142857143 2.57142857143 1.25780590828e-17 
2.57142857143 3.42857142857 1.52906322827e-16 
2.57142857143 4.28571428571 -1.70184508426e-16 
2.57142857143 5.14285714286 8.7048099355e-17 
3.42857142857 0.857142857143 2.15298486537e-18 
3.42857142857 1.71428571429 3.31932438347e-17 
3.42857142857 2.57142857143 2.4474229928e-17 
3.42857142857 3.42857142857 1.53004685811e-16 
3.42857142857 4.28571428571 2.99694412817e-17 
3.42857142857 5.14285714286 -1.13349621953e-16 
4.28571428571 0.857142857143 2.87920323811e-19 
4.28571428571 1.71428571429 1.34963107451e-17 
4.28571428571 2.57142857143 -1.11277284652e-16 
4.28571428571 3.42857142857 -2.32421796411e-16 
4.28571428571 4.28571428571 2.23562931338e-17 
4.28571428571 5.14285714286 5.22605971022e-17 
5.14285714286 0.857142857143 6.69913178189e-20 
5.14285714286 1.71428571429 7.55438847278e-18 
5.14285714286 2.57142857143 4.17033365356e-17 
5.14285714286 3.42857142857 2.81647251136e-16 
5.14285714286 4.28571428571 -6.86317833251e-17 
5.14285714286 5.14285714286 3.83267694375e-18 
