0.857142857143 0.857142857143 5.18852079505e-08 
0.857142857143 1.71428571429 2.65396633523e-05 
0.857142857143 2.57142857143 1.43744537956e-07 
0.857142857143 3.42857142857 4.38089750814e-05 
0.857142857143 4.28571428571 1.72355007346e-07 
0.857142857143 5.14285714286 6.5295232708e-05 
1.71428571429 0.857142857143 1.7397741683e-07 
1.71428571429 1.71428571429 7.4294698041e-05 
1.71428571429 2.57142857143 5.6226718133e-07 
1.71428571429 3.42857142857 0.000103179675003 
1.71428571429 4.28571428571 5.06818103557e-07 
1.71428571429 5.14285714286 8.95136307001e-05 
2.57142857143 0.857142857143 1.01380882164e-07 
2.57142857143 1.71428571429 2.86671149336e-05 
2.57142857143 2.57142857143 1.55638445998e-07 
2.57142857143 3.42857142857 2.20122636316e-05 
2.57142857143 4.28571428571 6.62495463116e-08 
2.57142857143 5.14285714286 8.67517936687e-06 
3.42857142857 0.857142857143 1.87553685306e-07 
3.42857142857 1.71428571429 5.28009824035e-05 
3.42857142857 2.57142857143 2.64925363054e-07 
3.42857142857 3.42857142857 3.64021393152e-05 
3.42857142857 4.28571428571 7.37115345908e-08 
3.42857142857 5.14285714286 7.59964841021e-06 
4.28571428571 0.857142857143 2.05923706959e-07 
4.28571428571 1.71428571429 8.39216937868e-05 
4.28571428571 2.57142857143 2.13567801401e-07 
4.28571428571 3.42857142857 3.41934025943e-05 
4.28571428571 4.28571428571 2.70658544902e-07 
4.28571428571 5.14285714286 5.21204958094e-05 
5.14285714286 0.857142857143 4.56794724238e-08 
5.14285714286 1.71428571429 2.23196273194e-05 
5.14285714286 2.57142857143 1.12730416493e-07 
5.14285714286 3.42857142857 3.48370791301e-05 
5.14285714286 4.28571428571 1.3020704366e-07 
5.14285714286 5.14285714286 4.82215951258e-05 
