0 E_Q 
1 -6.58079998341 
2 -6.92454255796 
3 -7.29286780751 
4 -7.62441213934 
5 -4.05980517294 
6 E_0, PEPS 
7 -8.01961034588 
8 -8.29533369839 
9 -8.38532860224 
10 -8.45093292142 
11 -8.49913738475 
12 -8.53498483446 
13 -8.56207472703 
14 -8.58295902407 
15 -8.59944023983 
16 -8.61278883825 
17 -8.62389927808 
18 E_Q 
19 -8.43891976664 
20 -8.58143505999 
21 -8.73917835519 
22 -8.86630175668 
23 -4.5521940537 
24 E_0, PEPS 
25 -9.00438810741 
26 -9.26484616816 
27 -9.27919407949 
28 -9.29035258887 
29 -9.29922895299 
30 -9.30646403512 
31 -9.31251096456 
32 -9.31769052146 
33 -9.3222301084 
34 -9.32629118243 
35 -9.32998858112 
36 E_Q 
37 -9.08285363101 
38 -9.15430270381 
39 -9.23672402669 
40 -9.30438834783 
41 -4.74013058217 
42 E_0, PEPS 
43 -9.38026116434 
44 -9.64531664452 
45 -9.65028698937 
46 -9.65420172096 
47 -9.65736304731 
48 -9.65998238421 
49 -9.66220858668 
50 -9.66414696487 
51 -9.6658722756 
52 -9.66743770482 
53 -9.66888113951 
54 E_Q 
55 -9.40987989202 
56 -9.4622342674 
57 -9.51211472139 
58 -9.56574116062 
59 -4.85858624942 
60 E_0, PEPS 
61 -9.61717249884 
62 -9.88696376562 
63 -9.88960169538 
64 -9.89158075987 
65 -9.89309072929 
66 -9.89426541974 
67 -9.89519970988 
68 -9.89596113619 
69 -9.89659789342 
70 -9.89714441402 
71 -9.89762529403 
72 E_Q 
73 -9.63404236904 
74 -9.67687910139 
75 -9.71342064085 
76 -9.7606169322 
77 -4.94913670832 
78 E_0, PEPS 
79 -9.79827341664 
80 -10.0640130228 
81 -10.0655118614 
82 -10.0665810785 
83 -10.0673562734 
84 -10.0679307018 
85 -10.0683687735 
86 -10.0687150266 
87 -10.0690001972 
88 -10.0692453841 
89 -10.0694649373 
90 E_Q 
91 -9.80973385615 
92 -9.84337436514 
93 -9.87022578388 
94 -9.90902080894 
95 -5.01778220944 
96 E_0, PEPS 
97 -9.93556441888 
98 -10.1895794479 
99 -10.1904291258 
100 -10.1910119879 
101 -10.191419146 
102 -10.1917115479 
103 -10.1919301248 
104 -10.1921023472 
105 -10.1922465476 
106 -10.1923748178 
107 -10.1924949774 
108 E_Q 
109 -9.94347625938 
110 -9.96831265827 
111 -9.98672543288 
112 -10.0146626067 
113 -5.06612316728 
114 E_0, PEPS 
115 -10.0322463346 
116 -10.2718711164 
117 -10.272236083 
118 -10.2724563141 
119 -10.2725864423 
120 -10.272661634 
121 -10.272704685 
122 -10.2727303739 
123 -10.2727482018 
124 -10.2727641568 
125 -10.2727818747 
126 E_Q 
127 -10.0366674345 
128 -10.0532531077 
129 -10.0652358683 
130 -10.0839350951 
131 -5.09753696389 
132 E_0, PEPS 
133 -10.0950739278 
134 -10.3215591717 
135 -10.3217002143 
136 -10.3217453038 
137 -10.3217339739 
138 Didnot_get_lowered 
139 E_Q 
140 -10.0963189113 
141 -10.1071228688 
142 -10.1144283382 
143 -10.126534538 
144 -5.11660713134 
145 E_0, PEPS 
146 -10.1332142627 
147 -10.3510565911 
148 -10.3511469078 
149 -10.3511435673 
150 Didnot_get_lowered 
151 E_Q 
152 -10.1340030574 
153 -10.1412047505 
154 -10.1457353502 
155 -10.153787793 
156 -5.12894691349 
157 E_0, PEPS 
158 -10.157893827 
159 -10.3690498396 
160 -10.3691250773 
161 -10.3691066811 
162 Didnot_get_lowered 
