0 0.0910213818416 
1 -0.0648593942524 
2 -0.192725158373 
3 -0.356676100262 
4 -0.492329812918 
5 -0.492564788775 
6 -0.492787472385 
7 -0.492998482463 
8 -0.493198597149 
9 -0.493388560793 
10 -0.493569072192 
11 -0.493740730371 
12 -0.493904009852 
13 -0.494059355239 
14 -0.494207200241 
15 -0.494347923895 
16 -0.494481873223 
17 -0.494609416079 
18 -0.494730897195 
19 -0.49484664147 
20 -0.494956952659 
21 -0.495062116545 
22 -0.495162398963 
23 -0.495257982823 
24 -0.495349165183 
25 -0.495436171489 
26 -0.49551921783 
27 -0.495598502262 
28 -0.495674214606 
29 -0.495746534167 
30 -0.495815562101 
31 -0.495881532492 
32 -0.495944596677 
33 -0.496004897704 
34 -0.496062570844 
35 -0.496117744087 
36 -0.496170538632 
37 -0.496221067462 
38 -0.49626943985 
39 -0.496315758748 
40 -0.496360127327 
41 -0.496402640319 
42 -0.496443423293 
43 -0.496482477875 
44 -0.496519911892 
45 -0.496519911892 
46 -0.499593042608 
47 -0.508651113567 
48 -0.509771668532 
49 -0.510957311902 
50 -0.511038938136 
51 -0.51111653331 
52 -0.511190238642 
53 -0.511260223061 
54 -0.511326667726 
55 -0.511389754591 
56 -0.511449691537 
57 -0.511506622612 
58 -0.511560695098 
59 -0.511612068745 
60 -0.511660883859 
61 -0.511707273234 
62 -0.511751362561 
63 -0.511793270824 
64 -0.51183311067 
65 -0.511870988755 
66 -0.511907006072 
67 -0.511941258261 
68 -0.511973835895 
69 -0.512004824758 
70 -0.512034306101 
71 -0.512062356887 
72 -0.512089050023 
73 -0.512114454579 
74 -0.51213863599 
75 -0.512161656258 
76 -0.512183574129 
77 -0.512204445275 
78 -0.512224322453 
79 -0.512243255665 
80 -0.512261292303 
81 -0.512278477289 
82 -0.512294860979 
83 -0.512310475596 
84 -0.512325359432 
85 -0.512339548793 
86 -0.512353078109 
87 -0.512365980031 
88 -0.512378285526 
89 -0.512390023967 
90 -0.512390023967 
91 -0.513389803851 
92 -0.513516648502 
93 -0.513862639065 
94 -0.513946263173 
95 -0.513981745021 
96 -0.514015711715 
97 -0.514048208657 
98 -0.514079256815 
99 -0.514108940463 
100 -0.514137312 
101 -0.514164423853 
102 -0.514190327842 
103 -0.514215074746 
104 -0.514238714025 
105 -0.514261293632 
106 -0.514282859906 
107 -0.514303457511 
108 -0.514323129408 
109 -0.514341916859 
110 -0.514359859444 
111 -0.514376995092 
112 -0.514393360122 
113 -0.514408989289 
114 -0.514423915834 
115 -0.514438171535 
116 -0.514451786764 
117 -0.514464790538 
118 -0.514477210575 
119 -0.514489073344 
120 -0.514500404122 
121 -0.514511227038 
122 -0.51452156513 
123 -0.514531440385 
124 -0.514540873793 
125 -0.514549885384 
126 -0.514558494275 
127 -0.514566718712 
128 -0.514574576104 
129 -0.514582083067 
130 -0.514589255457 
131 -0.514596108405 
132 -0.514602656351 
133 -0.514608913072 
134 -0.514614891719 
135 -0.514614891719 
136 -0.515082001478 
137 -0.515297625414 
138 -0.515759077287 
139 -0.516101836409 
140 -0.5161702376 
141 -0.516235743239 
142 -0.516298475718 
143 -0.516358553474 
144 -0.516416090741 
145 -0.516471197428 
146 -0.516523979093 
147 -0.516574536977 
148 -0.516622968073 
149 -0.516669365236 
150 -0.5167138173 
151 -0.516756409211 
152 -0.516797222166 
153 -0.516836333759 
154 -0.516873818122 
155 -0.516909746072 
156 -0.516944185243 
157 -0.516977200235 
158 -0.517008852738 
159 -0.517039201667 
160 -0.517068303284 
161 -0.51709621132 
162 -0.51712297709 
163 -0.517148649602 
164 -0.517173275666 
165 -0.517196899995 
166 -0.5172195653 
167 -0.517241312383 
168 -0.517262180229 
169 -0.517282240717 
170 -0.517301494531 
171 -0.517319975639 
172 -0.517337716507 
173 -0.517354748169 
174 -0.517371100292 
175 -0.517386801241 
176 -0.517401878138 
177 -0.51741635692 
178 -0.51743026239 
179 -0.517443618275 
180 -0.517443618275 
181 -0.517712562672 
182 -0.518123408019 
183 -0.518201899655 
184 -0.518412531547 
185 -0.518453756996 
186 -0.51849339618 
187 -0.518531513657 
188 -0.518568171186 
189 -0.518603427855 
190 -0.518637340206 
191 -0.518669962352 
192 -0.518701346086 
193 -0.518731540992 
194 -0.518760594545 
195 -0.518788552203 
196 -0.518815457504 
197 -0.518841352149 
198 -0.518866276087 
199 -0.518890267592 
200 -0.518913363339 
201 -0.518935598476 
202 -0.518957055192 
203 -0.518977716786 
204 -0.518997614183 
205 -0.51901677703 
206 -0.519035233762 
207 -0.519053011645 
208 -0.519070136836 
209 -0.519086634426 
210 -0.519102528488 
211 -0.51911784212 
212 -0.519132597489 
213 -0.519146815867 
214 -0.519160517676 
215 -0.519173722517 
216 -0.51918644921 
217 -0.519198715823 
218 -0.51921053971 
219 -0.519221937533 
220 -0.519232925298 
221 -0.51924351838 
222 -0.519253731547 
223 -0.519263578989 
224 -0.519273074341 
225 -0.519273074341 
226 -0.519353536642 
227 -0.519492720976 
228 -0.519563898472 
229 -0.519637482333 
230 -0.519656329971 
231 -0.519674517764 
232 -0.519692069887 
233 -0.519709009581 
234 -0.519725359189 
235 -0.519741140193 
236 -0.51975637325 
237 -0.519771078228 
238 -0.519785274235 
239 -0.519798979651 
240 -0.519812212157 
241 -0.519824988765 
242 -0.519837325844 
243 -0.519849239145 
244 -0.519860743826 
245 -0.519871854478 
246 -0.519882585143 
247 -0.519892949341 
248 -0.519902960087 
249 -0.519912629912 
250 -0.519921970881 
251 -0.519930994615 
252 -0.519939712304 
253 -0.519948134726 
254 -0.519956272262 
255 -0.519964134913 
256 -0.519971732312 
257 -0.519979073742 
258 -0.519986168146 
259 -0.519993024142 
260 -0.519999650034 
261 -0.520006053826 
262 -0.520012267966 
263 -0.52001827406 
264 -0.520024079308 
265 -0.52002969065 
266 -0.520035114777 
267 -0.520040358141 
268 -0.520045426965 
269 -0.520050327247 
270 -0.520050327247 
271 -0.520107916514 
272 -0.520152558067 
273 -0.520191232799 
274 -0.520219039055 
275 -0.520227355208 
276 -0.520235394647 
277 -0.520243166986 
278 -0.520250681489 
279 -0.520257947077 
280 -0.52026497235 
281 -0.520271765591 
282 -0.520278334783 
283 -0.520284687622 
284 -0.520290831523 
285 -0.520296795977 
286 -0.520302564668 
287 -0.52030814426 
288 -0.520313541179 
289 -0.520318761623 
290 -0.520323811569 
291 -0.520328696783 
292 -0.520333422828 
293 -0.52033799507 
294 -0.520342418686 
295 -0.520346698672 
296 -0.520350839849 
297 -0.520354846869 
298 -0.520358724222 
299 -0.520362476242 
300 -0.520366107112 
301 -0.520369634952 
302 -0.520373049018 
303 -0.520376353085 
304 -0.520379550797 
305 -0.520382645674 
306 -0.520385641114 
307 -0.5203885404 
308 -0.520391346704 
309 -0.520394063088 
310 -0.520396692511 
311 -0.520399237832 
312 -0.520401701812 
313 -0.520404087118 
314 -0.520406396329 
315 -0.520406396329 
316 -0.520430193784 
317 -0.520447911446 
318 -0.520464350375 
319 -0.520477290039 
320 -0.52048106122 
321 -0.520484711002 
322 -0.520488243456 
323 -0.520491662513 
324 -0.520494971962 
325 -0.52049817546 
326 -0.520501276532 
327 -0.520504278583 
328 -0.520507184896 
329 -0.520509998642 
330 -0.520512722879 
331 -0.520515374698 
332 -0.520517942202 
333 -0.520520428161 
334 -0.520522835246 
335 -0.52052516604 
336 -0.520527423035 
337 -0.52052960864 
338 -0.520531725181 
339 -0.520533774905 
340 -0.520535759982 
341 -0.520537682511 
342 -0.520539544518 
343 -0.520541347962 
344 -0.520543094735 
345 -0.520544786667 
346 -0.520546425525 
347 -0.52054801302 
348 -0.520549550802 
349 -0.520551040468 
350 -0.520552483563 
351 -0.520553881579 
352 -0.520555235959 
353 -0.520556548099 
354 -0.520557819348 
355 -0.520559051012 
356 -0.520560244351 
357 -0.520561400588 
358 -0.520562520902 
359 -0.520563606435 
360 -0.520563606435 
361 -0.520574687668 
362 -0.520583640115 
363 -0.520592177564 
364 -0.520599216345 
365 -0.520601056761 
366 -0.520602839244 
367 -0.520604565695 
368 -0.520606237948 
369 -0.520607857776 
370 -0.520609426886 
371 -0.520610946931 
372 -0.520612419503 
373 -0.520613846144 
374 -0.520615228338 
375 -0.520616567521 
376 -0.520617865082 
377 -0.520619122359 
378 -0.520620340648 
379 -0.520621521199 
380 -0.52062266522 
381 -0.520623773881 
382 -0.52062484831 
383 -0.520625889599 
384 -0.520626898801 
385 -0.520627876938 
386 -0.520628824995 
387 -0.520629743926 
388 -0.520630634652 
389 -0.520631498064 
390 -0.520632335026 
391 -0.52063314637 
392 -0.520633932903 
393 -0.520634695406 
394 -0.520635434632 
395 -0.520636151313 
396 -0.520636846153 
397 -0.520637519838 
398 -0.520638173027 
399 -0.520638806361 
400 -0.520639420459 
401 -0.520640015921 
402 -0.520640593326 
403 -0.520641153235 
404 -0.520641696193 
405 -0.520641696193 
406 -0.520647839934 
407 -0.520652876098 
408 -0.520657765398 
409 -0.520661851765 
410 -0.520662818693 
411 -0.520663755793 
412 -0.520664664028 
413 -0.520665544325 
414 -0.520666397584 
415 -0.52066722467 
416 -0.52066802642 
417 -0.520668803644 
418 -0.520669557123 
419 -0.520670287611 
420 -0.520670995839 
421 -0.520671682511 
422 -0.52067234831 
423 -0.520672993893 
424 -0.520673619899 
425 -0.520674226942 
426 -0.520674815617 
427 -0.520675386502 
428 -0.520675940152 
429 -0.520676477105 
430 -0.520676997884 
431 -0.520677502991 
432 -0.520677992913 
433 -0.520678468124 
434 -0.520678929078 
435 -0.520679376217 
436 -0.520679809968 
437 -0.520680230745 
438 -0.520680638948 
439 -0.520681034964 
440 -0.520681419168 
441 -0.520681791923 
442 -0.520682153579 
443 -0.520682504478 
444 -0.520682844948 
445 -0.520683175309 
446 -0.520683495868 
447 -0.520683806925 
448 -0.520684108769 
449 -0.520684401681 
450 -0.520684401681 
451 -0.520687968277 
452 -0.520690898516 
453 -0.520693829185 
454 -0.520696222563 
455 -0.520696764867 
456 -0.520697290771 
457 -0.520697800795 
458 -0.520698295441 
459 -0.520698775194 
460 -0.520699240525 
461 -0.520699691885 
462 -0.520700129715 
463 -0.520700554436 
464 -0.520700966459 
465 -0.520701366179 
466 -0.52070175398 
467 -0.520702130231 
468 -0.520702495292 
469 -0.520702849507 
470 -0.520703193212 
471 -0.520703526731 
472 -0.520703850378 
473 -0.520704164456 
474 -0.520704469259 
475 -0.52070476507 
476 -0.520705052165 
477 -0.520705330809 
478 -0.520705601261 
479 -0.52070586377 
480 -0.520706118576 
481 -0.520706365915 
482 -0.520706606011 
483 -0.520706839085 
484 -0.520707065348 
485 -0.520707285007 
486 -0.520707498259 
487 -0.520707705298 
488 -0.520707906311 
489 -0.520708101479 
490 -0.520708290976 
491 -0.520708474974 
492 -0.520708653635 
493 -0.52070882712 
494 -0.520708995583 
495 -0.520708995583 
496 -0.520711101877 
497 -0.520712835181 
498 -0.520714555061 
499 -0.520716002712 
500 -0.520716323811 
501 -0.520716635396 
502 -0.520716937765 
503 -0.520717231202 
504 -0.520717515985 
505 -0.520717792382 
506 -0.52071806065 
507 -0.520718321041 
508 -0.520718573796 
509 -0.520718819149 
510 -0.520719057327 
511 -0.520719288549 
512 -0.520719513026 
513 -0.520719730965 
514 -0.520719942562 
515 -0.520720148012 
516 -0.520720347499 
517 -0.520720541204 
518 -0.520720729301 
519 -0.520720911959 
520 -0.52072108934 
521 -0.520721261604 
522 -0.520721428904 
523 -0.520721591388 
524 -0.5207217492 
525 -0.520721902479 
526 -0.520722051359 
527 -0.520722195973 
528 -0.520722336446 
529 -0.5207224729 
530 -0.520722605456 
531 -0.520722734228 
532 -0.520722859328 
533 -0.520722980864 
534 -0.52072309894 
535 -0.52072321366 
536 -0.52072332512 
537 -0.520723433418 
538 -0.520723538644 
539 -0.52072364089 
540 -0.52072364089 
541 -0.520724925534 
542 -0.520725971578 
543 -0.520727011551 
544 -0.520727870638 
545 -0.520728069553 
546 -0.520728262699 
547 -0.52072845025 
548 -0.520728632379 
549 -0.520728809248 
550 -0.520728981018 
551 -0.520729147842 
552 -0.520729309871 
553 -0.520729467247 
554 -0.52072962011 
555 -0.520729768597 
556 -0.520729912837 
557 -0.520730052959 
558 -0.520730189083 
559 -0.52073032133 
560 -0.520730449814 
561 -0.520730574648 
562 -0.520730695938 
563 -0.52073081379 
564 -0.520730928305 
565 -0.520731039581 
566 -0.520731147713 
567 -0.520731252794 
568 -0.520731354913 
569 -0.520731454157 
570 -0.52073155061 
571 -0.520731644352 
572 -0.520731735464 
573 -0.520731824021 
574 -0.520731910097 
575 -0.520731993766 
576 -0.520732075095 
577 -0.520732154154 
578 -0.520732231007 
579 -0.520732305718 
580 -0.520732378349 
581 -0.520732448959 
582 -0.520732517608 
583 -0.52073258435 
584 -0.520732649241 
585 -0.520732649241 
586 -0.520733412842 
587 -0.520734053935 
588 -0.520734692604 
589 -0.520735214052 
590 -0.52073534174 
591 -0.520735465803 
592 -0.520735586349 
593 -0.520735703484 
594 -0.520735817307 
595 -0.520735927918 
596 -0.520736035411 
597 -0.520736139878 
598 -0.520736241409 
599 -0.520736340089 
600 -0.520736436003 
601 -0.52073652923 
602 -0.52073661985 
603 -0.520736707939 
604 -0.52073679357 
605 -0.520736876815 
606 -0.520736957743 
607 -0.520737036422 
608 -0.520737112915 
609 -0.520737187287 
610 -0.520737259598 
611 -0.520737329907 
612 -0.520737398273 
613 -0.520737464751 
614 -0.520737529395 
615 -0.520737592257 
616 -0.520737653389 
617 -0.520737712839 
618 -0.520737770656 
619 -0.520737826886 
620 -0.520737881574 
621 -0.520737934764 
622 -0.520737986499 
623 -0.520738036818 
624 -0.520738085764 
625 -0.520738133373 
626 -0.520738179685 
627 -0.520738224735 
628 -0.520738268559 
629 -0.520738311191 
630 -0.520738311191 
631 -0.52073880012 
632 -0.520739190055 
633 -0.520739579035 
634 -0.520739902026 
635 -0.520739986584 
636 -0.520740068792 
637 -0.520740148718 
638 -0.520740226427 
639 -0.520740301986 
640 -0.520740375455 
641 -0.520740446895 
642 -0.520740516365 
643 -0.520740583921 
644 -0.520740649618 
645 -0.52074071351 
646 -0.520740775649 
647 -0.520740836084 
648 -0.520740894864 
649 -0.520740952036 
650 -0.520741007646 
651 -0.520741061739 
652 -0.520741114357 
653 -0.520741165542 
654 -0.520741215335 
655 -0.520741263774 
656 -0.520741310899 
657 -0.520741356745 
658 -0.52074140135 
659 -0.520741444747 
660 -0.520741486971 
661 -0.520741528054 
662 -0.520741568029 
663 -0.520741606926 
664 -0.520741644775 
665 -0.520741681605 
666 -0.520741717446 
667 -0.520741752323 
668 -0.520741786265 
669 -0.520741819297 
670 -0.520741851443 
671 -0.520741882729 
672 -0.520741913179 
673 -0.520741942814 
674 -0.520741971659 
675 -0.520741971659 
676 -0.520742265808 
677 -0.520742520192 
678 -0.520742774184 
679 -0.520742981754 
680 -0.520743039757 
681 -0.520743096178 
682 -0.520743151062 
683 -0.520743204453 
684 -0.520743256393 
685 -0.520743306925 
686 -0.520743356086 
687 -0.520743403917 
688 -0.520743450454 
689 -0.520743495734 
690 -0.520743539793 
691 -0.520743582664 
692 -0.52074362438 
693 -0.520743664975 
694 -0.52074370448 
695 -0.520743742924 
696 -0.520743780337 
697 -0.520743816748 
698 -0.520743852185 
699 -0.520743886675 
700 -0.520743920243 
701 -0.520743952916 
702 -0.520743984718 
703 -0.520744015673 
704 -0.520744045805 
705 -0.520744075135 
706 -0.520744103687 
707 -0.520744131481 
708 -0.520744158538 
709 -0.520744184878 
710 -0.520744210521 
711 -0.520744235486 
712 -0.520744259792 
713 -0.520744283456 
714 -0.520744306495 
715 -0.520744328928 
716 -0.520744350769 
717 -0.520744372036 
718 -0.520744392744 
719 -0.520744412908 
720 -0.520744412908 
721 -0.520744598259 
722 -0.520744759378 
723 -0.520744920352 
724 -0.520745049419 
725 -0.520745089624 
726 -0.520745128751 
727 -0.520745166832 
728 -0.520745203895 
729 -0.520745239968 
730 -0.52074527508 
731 -0.520745309256 
732 -0.520745342523 
733 -0.520745374905 
734 -0.520745406427 
735 -0.520745437112 
736 -0.520745466985 
737 -0.520745496066 
738 -0.520745524378 
739 -0.520745551942 
740 -0.520745578777 
741 -0.520745604905 
742 -0.520745630344 
743 -0.520745655113 
744 -0.52074567923 
745 -0.520745702714 
746 -0.52074572558 
747 -0.520745747846 
748 -0.520745769529 
749 -0.520745790643 
750 -0.520745811204 
751 -0.520745831228 
752 -0.520745850728 
753 -0.520745869719 
754 -0.520745888215 
755 -0.520745906228 
756 -0.520745923771 
757 -0.520745940858 
758 -0.5207459575 
759 -0.52074597371 
760 -0.520745989499 
761 -0.520746004877 
762 -0.520746019857 
763 -0.520746034448 
764 -0.520746048662 
765 -0.520746048662 
766 -0.52074617654 
767 -0.520746278548 
768 -0.520746380495 
769 -0.520746470551 
770 -0.520746499212 
771 -0.520746527117 
772 -0.520746554287 
773 -0.520746580742 
774 -0.520746606501 
775 -0.520746631583 
776 -0.520746656007 
777 -0.52074667979 
778 -0.52074670295 
779 -0.520746725504 
780 -0.520746747467 
781 -0.520746768857 
782 -0.520746789688 
783 -0.520746809976 
784 -0.520746829734 
785 -0.520746848979 
786 -0.520746867722 
787 -0.520746885978 
788 -0.520746903759 
789 -0.520746921079 
790 -0.52074693795 
791 -0.520746954383 
792 -0.52074697039 
793 -0.520746985983 
794 -0.520747001173 
795 -0.52074701597 
796 -0.520747030385 
797 -0.520747044428 
798 -0.520747058109 
799 -0.520747071437 
800 -0.520747084422 
801 -0.520747097073 
802 -0.520747109398 
803 -0.520747121406 
804 -0.520747133107 
805 -0.520747144506 
806 -0.520747155614 
807 -0.520747166436 
808 -0.520747176982 
809 -0.520747187257 
810 -0.520747187257 
811 -0.520747272145 
812 -0.52074733969 
813 -0.520747407212 
814 -0.520747472351 
815 -0.520747493349 
816 -0.5207475138 
817 -0.520747533719 
818 -0.520747553121 
819 -0.520747572018 
820 -0.520747590425 
821 -0.520747608355 
822 -0.52074762582 
823 -0.520747642832 
824 -0.520747659405 
825 -0.520747675549 
826 -0.520747691276 
827 -0.520747706598 
828 -0.520747721524 
829 -0.520747736065 
830 -0.520747750232 
831 -0.520747764034 
832 -0.520747777481 
833 -0.520747790583 
834 -0.520747803348 
835 -0.520747815786 
836 -0.520747827905 
837 -0.520747839713 
838 -0.520747851218 
839 -0.520747862429 
840 -0.520747873354 
841 -0.520747883999 
842 -0.520747894372 
843 -0.52074790448 
844 -0.520747914331 
845 -0.52074792393 
846 -0.520747933284 
847 -0.520747942401 
848 -0.520747951285 
849 -0.520747959944 
850 -0.520747968382 
851 -0.520747976606 
852 -0.520747984621 
853 -0.520747992433 
854 -0.520748000047 
855 -0.520748000047 
856 -0.520748057118 
857 -0.520748104759 
858 -0.520748152397 
859 -0.520748189224 
860 -0.520748204423 
861 -0.520748219232 
862 -0.520748233659 
863 -0.520748247715 
864 -0.52074826141 
865 -0.520748274754 
866 -0.520748287755 
867 -0.520748300423 
868 -0.520748312766 
869 -0.520748324794 
870 -0.520748336513 
871 -0.520748347933 
872 -0.520748359061 
873 -0.520748369905 
874 -0.520748380472 
875 -0.52074839077 
876 -0.520748400805 
877 -0.520748410585 
878 -0.520748420115 
879 -0.520748429404 
880 -0.520748438456 
881 -0.520748447278 
882 -0.520748455876 
883 -0.520748464256 
884 -0.520748472423 
885 -0.520748480383 
886 -0.520748488142 
887 -0.520748495704 
888 -0.520748503075 
889 -0.520748510259 
890 -0.520748517262 
891 -0.520748524088 
892 -0.520748530741 
893 -0.520748537227 
894 -0.520748543549 
895 -0.520748549712 
896 -0.520748555719 
897 -0.520748561575 
898 -0.520748567284 
899 -0.520748572849 
