0 0.0297199122626 
1 -0.0297439503507 
2 -0.160980051239 
3 -0.306034465044 
4 -0.426155437002 
5 -0.427645886138 
6 -0.42912404406 
7 -0.430568491299 
8 -0.431971295578 
9 -0.433330054955 
10 -0.434644752349 
11 -0.435916169228 
12 -0.437145539746 
13 -0.438334288518 
14 -0.439483942616 
15 -0.440596054945 
16 -0.441672173989 
17 -0.442713823426 
18 -0.443722485323 
19 -0.444699593422 
20 -0.445646528936 
21 -0.446564618685 
22 -0.44745513319 
23 -0.448319287226 
24 -0.449158240337 
25 -0.449973098029 
26 -0.450764913322 
27 -0.451534688454 
28 -0.452283376603 
29 -0.453011883733 
30 -0.453721070622 
31 -0.454411750228 
32 -0.455084706699 
33 -0.455740673299 
34 -0.45638034833 
35 -0.457004398065 
36 -0.457613451298 
37 -0.458208105572 
38 -0.458788928066 
39 -0.459356456998 
40 -0.459911203149 
41 -0.460453649966 
42 -0.460984260192 
43 -0.461503469484 
44 -0.462011692731 
45 -0.462011692731 
46 -0.501008122806 
47 -0.522699588969 
48 -0.524851003845 
49 -0.527032523517 
50 -0.527487899152 
51 -0.527921673895 
52 -0.528334686915 
53 -0.528727801089 
54 -0.529101892133 
55 -0.52945783756 
56 -0.529796506542 
57 -0.530118751455 
58 -0.530425401353 
59 -0.530717257281 
60 -0.530995142838 
61 -0.53125974323 
62 -0.53151176079 
63 -0.531751863491 
64 -0.531980772893 
65 -0.532199077504 
66 -0.532407347527 
67 -0.53260604816 
68 -0.53279568676 
69 -0.532976742406 
70 -0.533149667266 
71 -0.533314887965 
72 -0.533472806932 
73 -0.53362380372 
74 -0.533768236276 
75 -0.533906442182 
76 -0.534038739826 
77 -0.534165429527 
78 -0.534286794597 
79 -0.534403102352 
80 -0.53451460506 
81 -0.534621540836 
82 -0.534724134492 
83 -0.534822598332 
84 -0.534917132894 
85 -0.535007927664 
86 -0.535095161726 
87 -0.535179004394 
88 -0.535259615785 
89 -0.535337147371 
90 -0.535337147371 
91 -0.536755901523 
92 -0.537175793604 
93 -0.537495968566 
94 -0.537677961911 
95 -0.537790221697 
96 -0.537897437226 
97 -0.537999880994 
98 -0.538097808538 
99 -0.538191459877 
100 -0.538281060649 
101 -0.538366823116 
102 -0.538448947037 
103 -0.538527620469 
104 -0.538603020504 
105 -0.538675313956 
106 -0.538744658005 
107 -0.538811200796 
108 -0.538875082002 
109 -0.538936433357 
110 -0.538995379143 
111 -0.539052036653 
112 -0.539106516624 
113 -0.539158923638 
114 -0.539209356498 
115 -0.539257908585 
116 -0.53930466818 
117 -0.539349718778 
118 -0.539393139373 
119 -0.539435004728 
120 -0.539475385629 
121 -0.539514349118 
122 -0.539551958715 
123 -0.539588274627 
124 -0.539623353937 
125 -0.539657250789 
126 -0.539690016559 
127 -0.539721700009 
128 -0.539752347442 
129 -0.539782002838 
130 -0.539810707987 
131 -0.539838502611 
132 -0.53986542448 
133 -0.539891509523 
134 -0.539916791922 
135 -0.539916791922 
136 -0.540014041831 
137 -0.540101635207 
138 -0.540189148287 
139 -0.540290043229 
140 -0.540320872917 
141 -0.540350536143 
142 -0.540379089056 
143 -0.540406584681 
144 -0.540433073072 
145 -0.540458601502 
146 -0.54048321464 
147 -0.54050695471 
148 -0.540529861642 
149 -0.540551973219 
150 -0.540573325199 
151 -0.540593951445 
152 -0.540613884039 
153 -0.540633153382 
154 -0.540651788301 
155 -0.540669816141 
156 -0.540687262848 
157 -0.540704153054 
158 -0.540720510151 
159 -0.540736356364 
160 -0.540751712817 
161 -0.540766599596 
162 -0.540781035803 
163 -0.540795039619 
164 -0.540808628346 
165 -0.540821818464 
166 -0.540834625668 
167 -0.540847064918 
168 -0.540859150473 
169 -0.540870895929 
170 -0.540882314259 
171 -0.54089341784 
172 -0.540904218488 
173 -0.540914727484 
174 -0.540924955606 
175 -0.540934913149 
176 -0.540944609957 
177 -0.540954055437 
178 -0.540963258589 
179 -0.54097222802 
180 -0.54097222802 
181 -0.541012742074 
182 -0.541057378292 
183 -0.541103624467 
184 -0.541155694085 
185 -0.541165723661 
186 -0.541175408943 
187 -0.541184766126 
188 -0.541193810466 
189 -0.541202556352 
190 -0.541211017358 
191 -0.541219206305 
192 -0.541227135304 
193 -0.541234815802 
194 -0.541242258626 
195 -0.541249474021 
196 -0.541256471684 
197 -0.541263260805 
198 -0.541269850088 
199 -0.54127624779 
200 -0.541282461743 
201 -0.54128849938 
202 -0.54129436776 
203 -0.54130007359 
204 -0.541305623244 
205 -0.541311022783 
206 -0.541316277976 
207 -0.541321394312 
208 -0.541326377017 
209 -0.541331231073 
210 -0.541335961225 
211 -0.541340571999 
212 -0.541345067712 
213 -0.541349452484 
214 -0.541353730247 
215 -0.541357904759 
216 -0.541361979608 
217 -0.541365958225 
218 -0.541369843889 
219 -0.541373639739 
220 -0.541377348777 
221 -0.541380973876 
222 -0.541384517788 
223 -0.541387983151 
224 -0.54139137249 
225 -0.54139137249 
226 -0.541410895317 
227 -0.541432003276 
228 -0.54145373206 
229 -0.541477479182 
230 -0.541481064844 
231 -0.541484532786 
232 -0.541487888768 
233 -0.541491138182 
234 -0.54149428609 
235 -0.541497337249 
236 -0.541500296131 
237 -0.541503166942 
238 -0.541505953644 
239 -0.541508659966 
240 -0.5415112579 
241 -0.541513755122 
242 -0.541516182562 
243 -0.541518543186 
244 -0.541520839793 
245 -0.541523075033 
246 -0.541525251409 
247 -0.541527371292 
248 -0.541529436925 
249 -0.541531450437 
250 -0.541533413844 
251 -0.541535329058 
252 -0.541537197931 
253 -0.541538992927 
254 -0.54154071937 
255 -0.541542356432 
256 -0.541543953106 
257 -0.541545512421 
258 -0.541547035711 
259 -0.541548524249 
260 -0.541549979246 
261 -0.541551401858 
262 -0.541552793002 
263 -0.541554153728 
264 -0.541555485042 
265 -0.541556787903 
266 -0.541558063231 
267 -0.541559311902 
268 -0.541560534758 
269 -0.541561732604 
270 -0.541561732604 
271 -0.541570615352 
272 -0.541579956688 
273 -0.541589509369 
274 -0.541599701086 
275 -0.541600959802 
276 -0.5416021747 
277 -0.541603348105 
278 -0.541604482186 
279 -0.541605578971 
280 -0.541606640355 
281 -0.54160762916 
282 -0.541608585599 
283 -0.541609512001 
284 -0.541610409832 
285 -0.541611280466 
286 -0.541612125191 
287 -0.541612945221 
288 -0.541613741692 
289 -0.541614515676 
290 -0.54161526818 
291 -0.541616000153 
292 -0.541616712487 
293 -0.541617406026 
294 -0.541618081565 
295 -0.541618739853 
296 -0.541619381599 
297 -0.541620007472 
298 -0.541620618107 
299 -0.541621214102 
300 -0.541621796025 
301 -0.541622364413 
302 -0.541622919776 
303 -0.541623462598 
304 -0.541623993338 
305 -0.541624512431 
306 -0.541625020291 
307 -0.541625517313 
308 -0.541626153233 
309 -0.541626631051 
310 -0.54162709907 
311 -0.541627557614 
312 -0.541628006994 
313 -0.541628447505 
314 -0.541628879429 
315 -0.541628879429 
316 -0.54163287429 
317 -0.541636961488 
318 -0.541641088922 
319 -0.541645317079 
320 -0.541645788646 
321 -0.541646242143 
322 -0.541646678613 
323 -0.541647099033 
324 -0.54164750431 
325 -0.541647895292 
326 -0.541648272767 
327 -0.541648637473 
328 -0.541648990096 
329 -0.54164933128 
330 -0.541649661623 
331 -0.541649981686 
332 -0.541650291995 
333 -0.541650593041 
334 -0.541650885282 
335 -0.54165116915 
336 -0.541651445048 
337 -0.541651713356 
338 -0.541651974428 
339 -0.541652440721 
340 -0.541652690846 
341 -0.541652934629 
342 -0.541653172349 
343 -0.541653404268 
344 -0.541653630632 
345 -0.541653851675 
346 -0.541654067616 
347 -0.541654278662 
348 -0.541654485007 
349 -0.541654686838 
350 -0.541655076348 
351 -0.541655271888 
352 -0.541655463357 
353 -0.541655650906 
354 -0.541655834676 
355 -0.541656014802 
356 -0.541656191411 
357 -0.541656364624 
358 -0.541656534557 
359 -0.541656701318 
360 -0.541656701318 
361 -0.541658543175 
362 -0.541660402905 
363 -0.541662218174 
364 -0.541664022374 
365 -0.541664233539 
366 -0.541664435479 
367 -0.541664628774 
368 -0.541664813965 
369 -0.541664991554 
370 -0.541665162008 
371 -0.541665325761 
372 -0.541665483217 
373 -0.541665634752 
374 -0.541665780716 
375 -0.541665921435 
376 -0.541666057212 
377 -0.54166618833 
378 -0.541666315052 
379 -0.541666437625 
380 -0.541666556278 
381 -0.541666671225 
382 -0.541666782667 
383 -0.541666890789 
384 -0.541666995766 
385 -0.541667097761 
386 -0.541667196927 
387 -0.541667293407 
388 -0.541667387334 
389 -0.541667478834 
390 -0.541667568022 
391 -0.541667655011 
392 -0.541667739901 
393 -0.541667822791 
394 -0.54166790377 
395 -0.541667982924 
396 -0.541668060333 
397 -0.541668136073 
398 -0.541668210213 
399 -0.541668282822 
400 -0.54166835396 
401 -0.541668423688 
402 -0.541668492061 
403 -0.541668559132 
404 -0.54166862495 
405 -0.54166862495 
406 -0.541669572222 
407 -0.541670498615 
408 -0.541671340361 
409 -0.541672118435 
410 -0.541672233999 
411 -0.541672343501 
412 -0.541672447351 
413 -0.541672545931 
414 -0.541672639594 
415 -0.541672728671 
416 -0.541672813465 
417 -0.541672894262 
418 -0.541672971324 
419 -0.541673044896 
420 -0.541673115205 
421 -0.541673182462 
422 -0.541673246862 
423 -0.541673308589 
424 -0.541673367812 
425 -0.541673424689 
426 -0.541673479365 
427 -0.541673531978 
428 -0.541673582654 
429 -0.541673631511 
430 -0.541673678659 
431 -0.541673724201 
432 -0.541673768232 
433 -0.54167381084 
434 -0.541673852109 
435 -0.541673892115 
436 -0.54167393093 
437 -0.541673968622 
438 -0.541674005252 
439 -0.541674040879 
440 -0.541674075558 
441 -0.541674109339 
442 -0.54167414227 
443 -0.541674174394 
444 -0.541674205754 
445 -0.541674236388 
446 -0.541674266331 
447 -0.541674295619 
448 -0.541674324282 
449 -0.541674475565 
450 -0.541674475565 
451 -0.541675052271 
452 -0.541675579919 
453 -0.541676005787 
454 -0.541676346701 
455 -0.541676429122 
456 -0.54167650657 
457 -0.541676579395 
458 -0.541676647921 
459 -0.541676712452 
460 -0.541676773267 
461 -0.541676830626 
462 -0.54167688477 
463 -0.541676935922 
464 -0.541676984291 
465 -0.541677030068 
466 -0.541677073432 
467 -0.54167711455 
468 -0.541677153574 
469 -0.541677190648 
470 -0.541677225904 
471 -0.541677259466 
472 -0.541677291448 
473 -0.541677321956 
474 -0.541677351088 
475 -0.541677378936 
476 -0.541677405586 
477 -0.541677431116 
478 -0.5416774556 
479 -0.541677479106 
480 -0.541677501697 
481 -0.541677523433 
482 -0.541677544368 
483 -0.541677564552 
484 -0.541677584035 
485 -0.541677602858 
486 -0.541677621064 
487 -0.541677638691 
488 -0.541677655773 
489 -0.541677672345 
490 -0.541677688435 
491 -0.541677704074 
492 -0.541677719287 
493 -0.5416777341 
494 -0.541677748534 
495 -0.541677748534 
496 -0.541678169246 
497 -0.541678514255 
498 -0.541678754252 
499 -0.541678914222 
500 -0.541678981228 
501 -0.541679043824 
502 -0.54167910233 
503 -0.541679157038 
504 -0.541679208223 
505 -0.541679256138 
506 -0.541679301017 
507 -0.541679343078 
508 -0.541679382523 
509 -0.54167941954 
510 -0.5416794543 
511 -0.541679486967 
512 -0.541679517688 
513 -0.541679546602 
514 -0.541679573837 
515 -0.541679599513 
516 -0.54167962374 
517 -0.54167964662 
518 -0.541679668248 
519 -0.541679688713 
520 -0.541679708095 
521 -0.541679726472 
522 -0.541679743913 
523 -0.541679760483 
524 -0.541679776244 
525 -0.541679791251 
526 -0.541679805556 
527 -0.541679819208 
528 -0.541679832252 
529 -0.54167984473 
530 -0.541679856679 
531 -0.541679868137 
532 -0.541679879136 
533 -0.541679889707 
534 -0.541679899879 
535 -0.541679909678 
536 -0.54167991913 
537 -0.541679928257 
538 -0.54167993708 
539 -0.541679945619 
540 -0.541679945619 
541 -0.541680299951 
542 -0.541680560566 
543 -0.541680720926 
544 -0.541680807123 
545 -0.541680865927 
546 -0.541680920679 
547 -0.541680971673 
548 -0.541681019182 
549 -0.541681063461 
550 -0.541681104745 
551 -0.541681143251 
552 -0.541681179181 
553 -0.541681212722 
554 -0.541681244048 
555 -0.541681273319 
556 -0.541681300685 
557 -0.541681326283 
558 -0.541681350242 
559 -0.541681372679 
560 -0.541681393707 
561 -0.541681413425 
562 -0.541681431929 
563 -0.541681449306 
564 -0.541681465638 
565 -0.541681481 
566 -0.541681495461 
567 -0.541681509087 
568 -0.541681521938 
569 -0.541681534069 
570 -0.541681545532 
571 -0.541681556375 
572 -0.541681566642 
573 -0.541681576374 
574 -0.54168158561 
575 -0.541681594384 
576 -0.541681602731 
577 -0.541681610679 
578 -0.541681618257 
579 -0.541681625491 
580 -0.541681632406 
581 -0.541681639024 
582 -0.541681645366 
583 -0.541681651451 
584 -0.541681657297 
585 -0.541681657297 
586 -0.541681978192 
587 -0.54168218594 
588 -0.541682313095 
589 -0.541682362189 
590 -0.541682414389 
591 -0.541682462895 
592 -0.541682507978 
593 -0.54168254989 
594 -0.541682588862 
595 -0.541682625111 
596 -0.541682658836 
597 -0.541682690221 
598 -0.541682719439 
599 -0.541682746648 
600 -0.541682771994 
601 -0.541682795615 
602 -0.541682817637 
603 -0.541682838177 
604 -0.541682857343 
605 -0.541682875236 
606 -0.541682891948 
607 -0.541682907567 
608 -0.541682922172 
609 -0.541682935838 
610 -0.541682948633 
611 -0.541682960621 
612 -0.541682971861 
613 -0.541682982407 
614 -0.541682992311 
615 -0.541683001619 
616 -0.541683010374 
617 -0.541683018618 
618 -0.541683026387 
619 -0.541683033717 
620 -0.541683040639 
621 -0.541683047183 
622 -0.541683053376 
623 -0.541683059244 
624 -0.541683064812 
625 -0.541683064812 
626 -0.541683339814 
627 -0.541683495805 
628 -0.541683599987 
629 -0.541683638333 
630 -0.541683686913 
631 -0.541683731999 
632 -0.541683773849 
633 -0.541683812701 
634 -0.541683848775 
635 -0.541683882276 
636 -0.541683913393 
637 -0.541683942302 
638 -0.541683969164 
639 -0.541683994131 
640 -0.541684017341 
641 -0.541684038925 
642 -0.541684059001 
643 -0.541684077681 
644 -0.541684095068 
645 -0.541684111256 
646 -0.541684126334 
647 -0.541684140384 
648 -0.541684153482 
649 -0.541684165697 
650 -0.541684177095 
651 -0.541684187735 
652 -0.541684197675 
653 -0.541684206965 
654 -0.541684215654 
655 -0.541684223786 
656 -0.541684231402 
657 -0.541684238541 
658 -0.541684245237 
659 -0.541684251523 
660 -0.54168425743 
661 -0.541684262986 
662 -0.541684262986 
663 -0.541684504893 
664 -0.541684631858 
665 -0.541684720212 
666 -0.541684747791 
667 -0.54168479341 
668 -0.54168483571 
669 -0.541684874939 
670 -0.541684911322 
671 -0.541684945069 
672 -0.541684976375 
673 -0.54168500542 
674 -0.54168503237 
675 -0.54168505738 
676 -0.541685080593 
677 -0.541685102141 
678 -0.541685122148 
679 -0.541685140727 
680 -0.541685157984 
681 -0.541685174016 
682 -0.541685188915 
683 -0.541685202763 
684 -0.541685215638 
685 -0.541685227614 
686 -0.541685238755 
687 -0.541685249125 
688 -0.54168525878 
689 -0.541685267773 
690 -0.541685276154 
691 -0.541685283968 
692 -0.541685291257 
693 -0.541685298061 
694 -0.541685304416 
695 -0.541685310354 
696 -0.541685315908 
697 -0.541685315908 
698 -0.541685532786 
699 -0.541685633596 
700 -0.541685718671 
701 -0.541685744331 
702 -0.541685786916 
703 -0.541685826377 
704 -0.541685862945 
705 -0.541685896836 
706 -0.541685928246 
707 -0.541685957359 
708 -0.541685984344 
709 -0.54168600936 
710 -0.541686032551 
711 -0.541686054052 
712 -0.54168607399 
713 -0.541686092478 
714 -0.541686109625 
715 -0.541686125531 
716 -0.541686140286 
717 -0.541686153977 
718 -0.541686166683 
719 -0.541686178476 
720 -0.541686189425 
721 -0.541686199593 
722 -0.541686209037 
723 -0.541686217812 
724 -0.541686225968 
725 -0.541686233551 
726 -0.541686240603 
727 -0.541686247165 
728 -0.541686253274 
729 -0.541686258963 
730 -0.541686258963 
731 -0.541686463364 
732 -0.54168654202 
733 -0.541686624572 
734 -0.541686647358 
735 -0.541686688479 
736 -0.541686726567 
737 -0.541686761847 
738 -0.541686794527 
739 -0.541686824799 
740 -0.541686852841 
741 -0.541686878818 
742 -0.541686902883 
743 -0.541686925176 
744 -0.541686945831 
745 -0.541686964967 
746 -0.541686982697 
747 -0.541686999126 
748 -0.541687014349 
749 -0.541687028458 
750 -0.541687041533 
751 -0.541687053653 
752 -0.541687064889 
753 -0.541687075305 
754 -0.541687084964 
755 -0.541687093922 
756 -0.541687102231 
757 -0.54168710994 
758 -0.541687117094 
759 -0.541687123734 
760 -0.5416871299 
761 -0.541687135626 
762 -0.541687135626 
763 -0.541687331248 
764 -0.541687400575 
765 -0.541687484946 
766 -0.541687506444 
767 -0.541687547568 
768 -0.541687585643 
769 -0.541687620898 
770 -0.541687653542 
771 -0.541687683766 
772 -0.541687711751 
773 -0.541687737662 
774 -0.541687761652 
775 -0.541687783863 
776 -0.541687804427 
777 -0.541687823467 
778 -0.541687841094 
779 -0.541687857414 
780 -0.541687872525 
781 -0.541687886514 
782 -0.541687899467 
783 -0.54168791146 
784 -0.541687922565 
785 -0.541687932847 
786 -0.541687942369 
787 -0.541687951187 
788 -0.541687959353 
789 -0.541687966918 
790 -0.541687973925 
791 -0.541687980416 
792 -0.541687986432 
793 -0.541687992006 
794 -0.541687992006 
795 -0.541688189434 
796 -0.541688250113 
797 -0.541688341821 
798 -0.541688363208 
799 -0.541688405082 
800 -0.541688443842 
801 -0.541688479722 
802 -0.541688512933 
803 -0.541688543673 
804 -0.541688572125 
805 -0.541688598457 
806 -0.541688622827 
807 -0.541688645379 
808 -0.541688666248 
809 -0.541688685559 
810 -0.541688703427 
811 -0.54168871996 
812 -0.541688735255 
813 -0.541688749406 
814 -0.541688762496 
815 -0.541688774606 
816 -0.541688785808 
817 -0.541688796169 
818 -0.541688805753 
819 -0.541688814617 
820 -0.541688822816 
821 -0.541688830399 
822 -0.541688837412 
823 -0.541688843899 
824 -0.541688849899 
825 -0.541688855449 
