0 0.061503853574 
1 -0.0734110071996 
2 -0.194062662205 
3 -0.330499243389 
4 -0.473699997772 
5 -0.474717130901 
6 -0.475707533949 
7 -0.476674106468 
8 -0.47761390985 
9 -0.4785204232 
10 -0.479389668561 
11 -0.480220533864 
12 -0.481013562709 
13 -0.481769982569 
14 -0.482491265242 
15 -0.483178957817 
16 -0.483834612312 
17 -0.484459754632 
18 -0.485055868628 
19 -0.485624387716 
20 -0.486166690052 
21 -0.48668409662 
22 -0.487177870445 
23 -0.487649216332 
24 -0.488099281891 
25 -0.48852915867 
26 -0.488939884172 
27 -0.489332443028 
28 -0.489707769287 
29 -0.490066748364 
30 -0.490410219107 
31 -0.49073897587 
32 -0.491053770581 
33 -0.491355314782 
34 -0.49164428161 
35 -0.491921306929 
36 -0.492186994251 
37 -0.492441912252 
38 -0.492686599184 
39 -0.492921563917 
40 -0.493147287525 
41 -0.493364224812 
42 -0.493572805752 
43 -0.493773436867 
44 -0.493966502536 
45 -0.493966502536 
46 -0.499907885044 
47 -0.512786270089 
48 -0.518401261071 
49 -0.521114707596 
50 -0.521436043911 
51 -0.52174150784 
52 -0.522031948483 
53 -0.522308167019 
54 -0.522570919802 
55 -0.522820921113 
56 -0.523058845667 
57 -0.523285330916 
58 -0.523500979176 
59 -0.523706359615 
60 -0.523902010117 
61 -0.524088439022 
62 -0.524266126778 
63 -0.524435527489 
64 -0.524597070379 
65 -0.524751223076 
66 -0.52489830897 
67 -0.525038690464 
68 -0.52517271018 
69 -0.525300692061 
70 -0.525422942417 
71 -0.52553975091 
72 -0.525651391481 
73 -0.525758123238 
74 -0.52586018415 
75 -0.525957822924 
76 -0.526051243175 
77 -0.526140658204 
78 -0.526226266228 
79 -0.5263082541 
80 -0.526386846005 
81 -0.526462163017 
82 -0.526534413959 
83 -0.526603691501 
84 -0.526670137141 
85 -0.526733885487 
86 -0.526795064011 
87 -0.526853793416 
88 -0.526910188045 
89 -0.526964356251 
90 -0.526964356251 
91 -0.527695713464 
92 -0.527922317923 
93 -0.528240546783 
94 -0.528353591088 
95 -0.528419638994 
96 -0.528482958389 
97 -0.528543684069 
98 -0.528601943297 
99 -0.5286578563 
100 -0.528711536699 
101 -0.528763091911 
102 -0.528812623521 
103 -0.528860309062 
104 -0.5289061578 
105 -0.528950255733 
106 -0.528992684294 
107 -0.52903352062 
108 -0.529072837795 
109 -0.529110705058 
110 -0.529147187969 
111 -0.529182348641 
112 -0.52921624606 
113 -0.529248936234 
114 -0.52928047228 
115 -0.529310904704 
116 -0.529340281543 
117 -0.529368648402 
118 -0.529396048568 
119 -0.529422523149 
120 -0.529448111215 
121 -0.529472849916 
122 -0.52949677459 
123 -0.529519918862 
124 -0.529542314736 
125 -0.529563992683 
126 -0.529584981721 
127 -0.529605309492 
128 -0.529625002334 
129 -0.529644085353 
130 -0.529662582484 
131 -0.52968051655 
132 -0.529697909328 
133 -0.529714781593 
134 -0.529731153176 
135 -0.529731153176 
136 -0.529789320515 
137 -0.529816868039 
138 -0.52987031816 
139 -0.529914174442 
140 -0.529936170085 
141 -0.529957493127 
142 -0.529978171571 
143 -0.52999823189 
144 -0.530017699209 
145 -0.53003659738 
146 -0.530054949062 
147 -0.530072775788 
148 -0.530090098031 
149 -0.530106935264 
150 -0.53012330602 
151 -0.530139227942 
152 -0.530154717836 
153 -0.530169791717 
154 -0.530184464852 
155 -0.5301987518 
156 -0.530212666454 
157 -0.530226222075 
158 -0.530239431327 
159 -0.530252306306 
160 -0.530264858574 
161 -0.530277099185 
162 -0.530289038712 
163 -0.530300687272 
164 -0.530312054548 
165 -0.530323149813 
166 -0.53033398195 
167 -0.530344559472 
168 -0.530354890539 
169 -0.530364982979 
170 -0.530374844299 
171 -0.530384481704 
172 -0.530393902113 
173 -0.53040311217 
174 -0.530412118257 
175 -0.530420926509 
176 -0.530429542822 
177 -0.530437972868 
178 -0.530446222103 
179 -0.530454295778 
180 -0.530454295778 
181 -0.530487297628 
182 -0.530500485673 
183 -0.530544829956 
184 -0.530583254949 
185 -0.530595140451 
186 -0.530606719035 
187 -0.53061801376 
188 -0.530629025452 
189 -0.530639765348 
190 -0.530650244062 
191 -0.530660471628 
192 -0.530670457538 
193 -0.530680210778 
194 -0.53068973986 
195 -0.530699052849 
196 -0.5307081574 
197 -0.530717060775 
198 -0.530725769872 
199 -0.530734291249 
200 -0.530742631141 
201 -0.530750795483 
202 -0.530758789927 
203 -0.530766632905 
204 -0.530774315733 
205 -0.530781843339 
206 -0.530789220429 
207 -0.530796451498 
208 -0.530803540845 
209 -0.530810498367 
210 -0.530817321572 
211 -0.530824014263 
212 -0.530830580082 
213 -0.530837022519 
214 -0.530843344923 
215 -0.530849550512 
216 -0.530855642375 
217 -0.530861623483 
218 -0.530867496693 
219 -0.530873264754 
220 -0.530878930314 
221 -0.530884495921 
222 -0.530889964034 
223 -0.530895337022 
224 -0.530900617173 
225 -0.530900617173 
226 -0.530921396425 
227 -0.530929654984 
228 -0.530968159806 
229 -0.531001007895 
230 -0.531008961293 
231 -0.531016708387 
232 -0.53102425812 
233 -0.53103161918 
234 -0.531038799718 
235 -0.531045807381 
236 -0.531052649352 
237 -0.531059332384 
238 -0.531065862823 
239 -0.531072246646 
240 -0.53107848948 
241 -0.531084596629 
242 -0.531090573095 
243 -0.531096423602 
244 -0.531102152608 
245 -0.531107764333 
246 -0.531113262765 
247 -0.531118651682 
248 -0.531123934666 
249 -0.53112911511 
250 -0.531134196239 
251 -0.531139181112 
252 -0.531144072642 
253 -0.531148873597 
254 -0.531153586615 
255 -0.531158214209 
256 -0.531162758776 
257 -0.531167222606 
258 -0.531171607883 
259 -0.5311759167 
260 -0.531180151055 
261 -0.531184312866 
262 -0.531188403968 
263 -0.531192426123 
264 -0.53119638102 
265 -0.531200270283 
266 -0.531204095475 
267 -0.531207858096 
268 -0.531211559592 
269 -0.531215201356 
270 -0.531215201356 
271 -0.531228343325 
272 -0.531233981555 
273 -0.531263238544 
274 -0.531286634568 
275 -0.531292023662 
276 -0.531297262381 
277 -0.531302357707 
278 -0.531307316436 
279 -0.531312144928 
280 -0.531316849139 
281 -0.53132143465 
282 -0.531325906694 
283 -0.531330270182 
284 -0.531334529721 
285 -0.531338689643 
286 -0.531342754018 
287 -0.531346726674 
288 -0.531350611217 
289 -0.531354411041 
290 -0.531358129349 
291 -0.53136176916 
292 -0.531365333325 
293 -0.531368824537 
294 -0.531372245345 
295 -0.531375598158 
296 -0.531378885259 
297 -0.531382108811 
298 -0.531385270867 
299 -0.531388373373 
300 -0.531391418181 
301 -0.531394407051 
302 -0.531397341656 
303 -0.53140022359 
304 -0.531403054375 
305 -0.531405835459 
306 -0.531408568225 
307 -0.531411253997 
308 -0.531413894038 
309 -0.531416489557 
310 -0.531419041714 
311 -0.531421551617 
312 -0.531424020332 
313 -0.531426448881 
314 -0.531428838245 
315 -0.531428838245 
316 -0.53143852343 
317 -0.531442538869 
318 -0.531462025 
319 -0.531476136998 
320 -0.531479660471 
321 -0.531483077653 
322 -0.531486393887 
323 -0.531489614237 
324 -0.53149274345 
325 -0.531495785973 
326 -0.531498745981 
327 -0.531501627396 
328 -0.531504433911 
329 -0.531507169004 
330 -0.53150983597 
331 -0.531512437933 
332 -0.531514977884 
333 -0.531517458709 
334 -0.531519883236 
335 -0.531522254305 
336 -0.53152457486 
337 -0.531526848068 
338 -0.531529077396 
339 -0.531531266387 
340 -0.531533417506 
341 -0.531535529937 
342 -0.531537514865 
343 -0.531539513578 
344 -0.531541473267 
345 -0.531543395276 
346 -0.531545280876 
347 -0.531547131272 
348 -0.531548947611 
349 -0.53155073098 
350 -0.531552482416 
351 -0.531554202902 
352 -0.531555893376 
353 -0.531557554734 
354 -0.531559187826 
355 -0.531560793466 
356 -0.531562372431 
357 -0.531563925462 
358 -0.531565453269 
359 -0.53156695653 
360 -0.53156695653 
361 -0.531575552286 
362 -0.53157844482 
363 -0.531591144265 
364 -0.531599186068 
365 -0.531601496359 
366 -0.531603731295 
367 -0.531605895023 
368 -0.531607991268 
369 -0.531610023515 
370 -0.531611995031 
371 -0.531613908879 
372 -0.531615767929 
373 -0.531617574875 
374 -0.531619332242 
375 -0.531621042404 
376 -0.531622707589 
377 -0.531624329891 
378 -0.531625911278 
379 -0.5316274536 
380 -0.5316289586 
381 -0.531630427916 
382 -0.531631863093 
383 -0.531633265585 
384 -0.531634636763 
385 -0.53163597792 
386 -0.531637290277 
387 -0.531638574985 
388 -0.531639833133 
389 -0.531641065748 
390 -0.531642273803 
391 -0.531643458217 
392 -0.53164461986 
393 -0.531645759557 
394 -0.531646878088 
395 -0.531647976193 
396 -0.531649054574 
397 -0.531650113897 
398 -0.531651154796 
399 -0.53165217787 
400 -0.53165318369 
401 -0.531654172801 
402 -0.531655145718 
403 -0.531656102934 
404 -0.531657044917 
405 -0.531657044917 
406 -0.531664768618 
407 -0.531666861795 
408 -0.531675614771 
409 -0.531680296958 
410 -0.53168181731 
411 -0.53168328476 
412 -0.531684702492 
413 -0.531686073209 
414 -0.531687399445 
415 -0.531688683574 
416 -0.531689927818 
417 -0.531691134264 
418 -0.531692304867 
419 -0.531693441461 
420 -0.531694545769 
421 -0.531695619405 
422 -0.531696663888 
423 -0.531697680641 
424 -0.531698671005 
425 -0.531699636237 
426 -0.531700577521 
427 -0.53170149597 
428 -0.53170239263 
429 -0.531703268487 
430 -0.531704124469 
431 -0.53170496145 
432 -0.531705780252 
433 -0.531706581653 
434 -0.531707366384 
435 -0.531708135136 
436 -0.531708888559 
437 -0.531709627268 
438 -0.531710351846 
439 -0.531711062839 
440 -0.531711760766 
441 -0.531712446119 
442 -0.53171311936 
443 -0.531713780929 
444 -0.531714431242 
445 -0.531715070691 
446 -0.53171569965 
447 -0.531716318473 
448 -0.531716927494 
449 -0.531717527033 
450 -0.531717527033 
451 -0.531723663087 
452 -0.531725123585 
453 -0.531731359928 
454 -0.531734280868 
455 -0.531735264868 
456 -0.531736213856 
457 -0.531737130086 
458 -0.531738015392 
459 -0.53173887149 
460 -0.531739699987 
461 -0.531740502388 
462 -0.531741280104 
463 -0.531742034459 
464 -0.53174276669 
465 -0.531743477961 
466 -0.531744169362 
467 -0.531744841915 
468 -0.53174549658 
469 -0.531746134257 
470 -0.53174675579 
471 -0.531747361975 
472 -0.531747953556 
473 -0.531748531233 
474 -0.531749095664 
475 -0.531749648409 
476 -0.531750189122 
477 -0.531750718226 
478 -0.531751236242 
479 -0.53175174366 
480 -0.531752240941 
481 -0.531752728519 
482 -0.531753206802 
483 -0.531753676177 
484 -0.531754137007 
485 -0.531754589633 
486 -0.531755034379 
487 -0.531755471548 
488 -0.531755901429 
489 -0.531756324292 
490 -0.531756740394 
491 -0.531757149976 
492 -0.531757553268 
493 -0.531757950484 
494 -0.53175834183 
495 -0.53175834183 
496 -0.531762614562 
497 -0.531763626551 
498 -0.531768002486 
499 -0.531769944908 
500 -0.531770571328 
501 -0.531771176271 
502 -0.531771761192 
503 -0.531772327224 
504 -0.531772875425 
505 -0.531773406789 
506 -0.531773922243 
507 -0.531774422656 
508 -0.531774908841 
509 -0.531775381562 
510 -0.53177584153 
511 -0.531776289414 
512 -0.531776725841 
513 -0.531777151397 
514 -0.531777566632 
515 -0.531777972062 
516 -0.53177836817 
517 -0.531778755411 
518 -0.531779134209 
519 -0.531779504963 
520 -0.53177986805 
521 -0.531780223819 
522 -0.531780572602 
523 -0.531780914708 
524 -0.53178125043 
525 -0.531781580041 
526 -0.531781903798 
527 -0.531782221944 
528 -0.531782534706 
529 -0.531782842299 
530 -0.531783144923 
531 -0.531783442769 
532 -0.531783736014 
533 -0.531784024829 
534 -0.53178430937 
535 -0.531784589787 
536 -0.531784866221 
537 -0.531785138806 
538 -0.531785407666 
539 -0.531785672919 
540 -0.531785672919 
541 -0.531788393841 
542 -0.531789084846 
543 -0.531792089783 
544 -0.53179343608 
545 -0.531793841881 
546 -0.531794235007 
547 -0.531794616338 
548 -0.531794986531 
549 -0.531795346199 
550 -0.531795695915 
551 -0.531796036215 
552 -0.531796367601 
553 -0.531796690542 
554 -0.531797005479 
555 -0.531797312821 
556 -0.531797612955 
557 -0.53179790624 
558 -0.531798193015 
559 -0.531798473596 
560 -0.531798748279 
561 -0.531799017341 
562 -0.531799281045 
563 -0.531799539632 
564 -0.531799793334 
565 -0.531800042364 
566 -0.531800286925 
567 -0.531800527204 
568 -0.531800763381 
569 -0.531800995622 
570 -0.531801224084 
571 -0.531801448914 
572 -0.531801670251 
573 -0.531801888224 
574 -0.531802102957 
575 -0.531802314564 
576 -0.531802523155 
577 -0.53180272883 
578 -0.531802931687 
579 -0.531803131817 
580 -0.531803329303 
581 -0.531803524229 
582 -0.531803716668 
583 -0.531803906694 
584 -0.531804094374 
585 -0.531804094374 
586 -0.531805820428 
587 -0.531806336098 
588 -0.531808424424 
589 -0.531809411081 
590 -0.531809685502 
591 -0.531809952242 
592 -0.531810211835 
593 -0.531810464663 
594 -0.531810711081 
595 -0.531810951423 
596 -0.531811185999 
597 -0.531811415101 
598 -0.531811639002 
599 -0.531811857957 
600 -0.531812072205 
601 -0.531812281969 
602 -0.531812487459 
603 -0.531812688872 
604 -0.531812886392 
605 -0.53181308019 
606 -0.53181327043 
607 -0.531813457263 
608 -0.53181364083 
609 -0.531813821267 
610 -0.531813998698 
611 -0.531814173242 
612 -0.531814345008 
613 -0.531814514102 
614 -0.531814680621 
615 -0.531814844658 
616 -0.531815006298 
617 -0.531815165623 
618 -0.531815322711 
619 -0.531815477633 
620 -0.531815630458 
621 -0.53181578125 
622 -0.531815930071 
623 -0.531816076976 
624 -0.531816222021 
625 -0.531816365256 
626 -0.53181650673 
627 -0.531816646489 
628 -0.531816784575 
629 -0.531816921031 
630 -0.531816921031 
631 -0.531818072059 
632 -0.531818489444 
633 -0.531819941869 
634 -0.531820709238 
635 -0.531820901523 
636 -0.531821088913 
637 -0.531821271744 
638 -0.531821464643 
639 -0.531821639167 
640 -0.53182180977 
641 -0.531821976639 
642 -0.531822139953 
643 -0.531822299874 
644 -0.53182245656 
645 -0.531822610154 
646 -0.531822760793 
647 -0.531822908604 
648 -0.531823053708 
649 -0.531823196216 
650 -0.531823336234 
651 -0.531823473862 
652 -0.531823609193 
653 -0.531823742313 
654 -0.531823873306 
655 -0.531824002248 
656 -0.531824129214 
657 -0.53182425427 
658 -0.531824377483 
659 -0.531824498913 
660 -0.531824618617 
661 -0.531824736649 
662 -0.531824853062 
663 -0.531824967902 
664 -0.531825081217 
665 -0.531825193048 
666 -0.531825303437 
667 -0.531825412422 
668 -0.53182552004 
669 -0.531825626326 
670 -0.531825731313 
671 -0.531825835031 
672 -0.53182593751 
673 -0.53182603878 
674 -0.531826138865 
675 -0.531826138865 
676 -0.531826953858 
677 -0.531827296273 
678 -0.531828357005 
679 -0.531828986376 
680 -0.531829125369 
681 -0.53182926102 
682 -0.531829393556 
683 -0.531829523125 
684 -0.531829649865 
685 -0.531829773906 
686 -0.531829895371 
687 -0.531830014373 
688 -0.531830131021 
689 -0.531830245416 
690 -0.53183035765 
691 -0.531830467815 
692 -0.531830575993 
693 -0.531830682262 
694 -0.531830786697 
695 -0.531830889368 
696 -0.531830990339 
697 -0.531831089672 
698 -0.531831187426 
699 -0.531831283655 
700 -0.53183137841 
701 -0.531831471741 
702 -0.531831563694 
703 -0.531831654311 
704 -0.531831743634 
705 -0.531831831702 
706 -0.531831918551 
707 -0.531832004217 
708 -0.531832088731 
709 -0.531832172126 
710 -0.531832254431 
711 -0.531832335674 
712 -0.531832415881 
713 -0.531832495078 
714 -0.531832573289 
715 -0.531832650537 
716 -0.531832726844 
717 -0.53183280223 
718 -0.531832876716 
719 -0.53183295032 
720 -0.53183295032 
721 -0.531833571312 
722 -0.531833868714 
723 -0.531834655813 
724 -0.531835175085 
725 -0.53183527684 
726 -0.5318353762 
727 -0.531835473326 
728 -0.531835568319 
729 -0.531835661274 
730 -0.531835752283 
731 -0.531835841428 
732 -0.531835928789 
733 -0.531836014441 
734 -0.531836098454 
735 -0.531836180894 
736 -0.531836261823 
737 -0.531836341299 
738 -0.531836419378 
739 -0.531836496111 
740 -0.531836571548 
741 -0.531836645735 
742 -0.531836718714 
743 -0.531836790528 
744 -0.531836861215 
745 -0.531836930813 
746 -0.531836999354 
747 -0.531837066874 
748 -0.531837133402 
749 -0.531837198969 
750 -0.531837263601 
751 -0.531837327327 
752 -0.53183739017 
753 -0.531837452155 
754 -0.531837513304 
755 -0.531837573639 
756 -0.531837633181 
757 -0.531837691948 
758 -0.53183774996 
759 -0.531837807234 
760 -0.531837863787 
761 -0.531837919635 
762 -0.531837974794 
763 -0.531838029278 
764 -0.531838083102 
765 -0.531838083102 
766 -0.531838595048 
767 -0.53183885647 
768 -0.531839488955 
769 -0.531839934108 
770 -0.531840009307 
771 -0.531840082723 
772 -0.531840154477 
773 -0.531840224642 
774 -0.531840293288 
775 -0.531840360481 
776 -0.531840426283 
777 -0.531840490752 
778 -0.531840553943 
779 -0.531840615907 
780 -0.531840676694 
781 -0.531840736349 
782 -0.531840794915 
783 -0.531840852433 
784 -0.531840908942 
785 -0.531840964478 
786 -0.531841019075 
787 -0.531841072766 
788 -0.531841125581 
789 -0.53184117755 
790 -0.5318412287 
791 -0.531841279056 
792 -0.531841328644 
793 -0.531841377488 
794 -0.531841425608 
795 -0.531841473026 
796 -0.531841519763 
797 -0.531841565836 
798 -0.531841611265 
799 -0.531841656065 
800 -0.531841700254 
801 -0.531841743847 
802 -0.531841786859 
803 -0.531841829304 
804 -0.531841871195 
805 -0.531841912545 
806 -0.531841953367 
807 -0.531841993672 
808 -0.531842033471 
809 -0.531842072775 
810 -0.531842072775 
811 -0.531842514911 
812 -0.531842742103 
813 -0.531843253336 
814 -0.531843635664 
815 -0.531843691933 
816 -0.531843746834 
817 -0.531843800459 
818 -0.531843852866 
819 -0.531843904107 
820 -0.531843954234 
821 -0.531844003293 
822 -0.531844051329 
823 -0.531844098384 
824 -0.531844144497 
825 -0.531844189706 
826 -0.531844234047 
827 -0.531844277552 
828 -0.531844320254 
829 -0.531844362181 
830 -0.531844403361 
831 -0.531844443822 
832 -0.531844483589 
833 -0.531844522685 
834 -0.531844561132 
835 -0.531844598952 
836 -0.531844636166 
837 -0.531844672792 
838 -0.531844708848 
839 -0.531844744352 
840 -0.531844779321 
841 -0.531844813769 
842 -0.531844847711 
843 -0.531844881162 
844 -0.531844914135 
845 -0.531844946642 
846 -0.531844978696 
847 -0.531845010308 
848 -0.53184504149 
849 -0.531845072251 
850 -0.531845102602 
851 -0.531845132553 
852 -0.531845162113 
853 -0.531845191289 
854 -0.531845220092 
855 -0.531845220092 
856 -0.531845593406 
857 -0.531845799957 
858 -0.531846239989 
859 -0.53184658134 
860 -0.531846623926 
861 -0.531846665433 
862 -0.531846705937 
863 -0.531846745483 
864 -0.531846784112 
865 -0.531846821866 
866 -0.531846858781 
867 -0.531846894894 
868 -0.531846930237 
869 -0.531846964842 
870 -0.53184699874 
871 -0.531847031957 
872 -0.531847064522 
873 -0.531847096458 
874 -0.53184712779 
875 -0.53184715854 
876 -0.53184718873 
877 -0.531847218378 
878 -0.531847247506 
879 -0.531847276129 
880 -0.531847304266 
881 -0.531847331933 
882 -0.531847359144 
883 -0.531847385915 
884 -0.531847412259 
885 -0.53184743819 
886 -0.531847463719 
887 -0.531847488859 
888 -0.531847513621 
889 -0.531847538015 
890 -0.531847562052 
891 -0.531847585741 
892 -0.531847609092 
893 -0.531847632113 
894 -0.531847654814 
895 -0.531847677201 
896 -0.531847699282 
897 -0.531847721066 
898 -0.531847742558 
899 -0.531847763766 
