0 928.243909253 929.307132502 9.99355622273
1 922.528093067 923.475353244 9.99425902923
2 918.813160789 919.731518406 9.99443419626
3 916.468893149 917.266601939 9.99516540127
4 914.863735089 915.519231061 9.99602729714
5 913.867160374 914.250544049 9.99767646258
6 913.085142475 913.297161358 9.99871503707
7 912.4613996 912.54811709 9.99947443946
8 912.040026028 911.969448853 10.0004277405
9 911.699835346 911.496211201 10.0012340857
10 911.327182887 911.091426544 10.0014288263
11 911.066221279 910.716400071 10.0021201285

