0 910.389648441 909.888164836 10.0030392946
1 909.682175337 908.91072205 10.0046754745
2 909.102456842 908.343357261 10.0046006035
3 908.525246995 907.925978188 10.0036319322
4 908.207500942 907.502943905 10.0042700426
5 907.866923516 907.300790314 10.0034311103
6 907.587547944 907.019900251 10.003440289
7 907.434494709 906.766637832 10.0040476174
8 907.291378646 906.622103126 10.0040562153
9 907.17443482 906.468147839 10.0042805272
10 907.172055067 906.272293955 10.0054530976
11 907.091367861 906.113422335 10.0059269426
12 907.047895135 905.954730263 10.0066252416
13 907.04607278 905.812080722 10.0074787397
14 907.014997695 905.684261759 10.0080650663
15 905.618582783 904.906317022 9.99825615613
16 904.500879912 904.77465271 9.99834077092
17 904.437234104 904.67254277 9.99857388687




