0 903.372692931 903.379961056 9.99995595076
1 903.251319665 903.084305933 10.0010122044
2 903.227485451 902.823427147 10.0024488382
3 903.149316124 902.67437636 10.0028784228
4 903.069556361 902.531979476 10.0032580417
5 903.020005582 902.417072386 10.0036541406
6 902.987284283 902.295422556 10.0041931014
7 902.991737884 902.206250561 10.0047605292
8 903.01899513 902.103145 10.0055506069
9 903.016056979 902.012461096 10.0060823993
10 903.033411184 901.917735255 10.0067616723
11 903.064392235 901.830608465 10.0074774774
12 903.104580784 901.757558121 10.0081637737
13 903.115078263 901.692218996 10.0086233895
14 903.126921761 901.626313175 10.0090945975
15 902.125144731 901.586089203 10.0032670032
16 902.111583234 901.534698607 10.0034962705
17 902.093115044 901.509583368 10.0035365556
18 902.083825779 901.486526797 10.0036199938
19 902.061862722 901.462451252 10.0036327968
20 902.052347922 901.437194731 10.0037282012
21 902.045301534 901.416181985 10.0038128458
22 902.03532742 901.395632692 10.0038769377
23 901.399542544 901.192356803 10.0012556712
24 901.386610961 901.176390539 10.0012740632
25 901.377173111 901.166605921 10.0012761648



