0.571428571429 0.571428571429 0.215765882427
0.571428571429 1.14285714286 0.253225588637
0.571428571429 1.71428571429 0.215487407651
0.571428571429 2.28571428571 0.228459247606
0.571428571429 2.85714285714 0.22084173768
0.571428571429 3.42857142857 0.157392048767
1.14285714286 0.571428571429 0.233186350776
1.14285714286 1.14285714286 0.209110751204
1.14285714286 1.71428571429 0.213532627714
1.14285714286 2.28571428571 0.211088447985
1.14285714286 2.85714285714 0.211397078618
1.14285714286 3.42857142857 0.230282220758
1.71428571429 0.571428571429 0.248095397632
1.71428571429 1.14285714286 0.225258174942
1.71428571429 1.71428571429 0.214194655652
1.71428571429 2.28571428571 0.219051300672
1.71428571429 2.85714285714 0.20692865265
1.71428571429 3.42857142857 0.219053143964
2.28571428571 0.571428571429 0.23356083234
2.28571428571 1.14285714286 0.221378373707
2.28571428571 1.71428571429 0.209811129971
2.28571428571 2.28571428571 0.216988983147
2.28571428571 2.85714285714 0.21180844801
2.28571428571 3.42857142857 0.216888056673
2.85714285714 0.571428571429 0.242974997004
2.85714285714 1.14285714286 0.212896421044
2.85714285714 1.71428571429 0.219858882776
2.85714285714 2.28571428571 0.219071390695
2.85714285714 2.85714285714 0.209397030864
2.85714285714 3.42857142857 0.241516799239
3.42857142857 0.571428571429 0.23500989893
3.42857142857 1.14285714286 0.249367342288
3.42857142857 1.71428571429 0.220543647702
3.42857142857 2.28571428571 0.242915904134
3.42857142857 2.85714285714 0.225895740387
3.42857142857 3.42857142857 0.182751802533


