0.444444444444 0.444444444444 0.0769173846321
0.444444444444 0.888888888889 0.13055542048
0.444444444444 1.33333333333 0.105628018423
0.444444444444 1.77777777778 0.0929996414831
0.444444444444 2.22222222222 0.129526579807
0.444444444444 2.66666666667 0.131812727879
0.444444444444 3.11111111111 0.0777324347024
0.444444444444 3.55555555556 0.0283879733735
0.888888888889 0.444444444444 0.124122448088
0.888888888889 0.888888888889 0.184954636711
0.888888888889 1.33333333333 0.141191040792
0.888888888889 1.77777777778 0.123210589517
0.888888888889 2.22222222222 0.151920519763
0.888888888889 2.66666666667 0.160207123644
0.888888888889 3.11111111111 0.125279820475
0.888888888889 3.55555555556 0.0665110500031
1.33333333333 0.444444444444 0.0950182705417
1.33333333333 0.888888888889 0.137190477256
1.33333333333 1.33333333333 0.164709301408
1.33333333333 1.77777777778 0.173401983792
1.33333333333 2.22222222222 0.120631405924
1.33333333333 2.66666666667 0.110060093796
1.33333333333 3.11111111111 0.15588629872
1.33333333333 3.55555555556 0.116222580467
1.77777777778 0.444444444444 0.0904514981076
1.77777777778 0.888888888889 0.129089429548
1.77777777778 1.33333333333 0.165142881451
1.77777777778 1.77777777778 0.166342737165
1.77777777778 2.22222222222 0.119205214052
1.77777777778 2.66666666667 0.118549475416
1.77777777778 3.11111111111 0.161238760178
1.77777777778 3.55555555556 0.126213301041
2.22222222222 0.444444444444 0.12730462613
2.22222222222 0.888888888889 0.159943463807
2.22222222222 1.33333333333 0.116325649068
2.22222222222 1.77777777778 0.119678512311
2.22222222222 2.22222222222 0.168710255536
2.22222222222 2.66666666667 0.163369381794
2.22222222222 3.11111111111 0.128173230814
2.22222222222 3.55555555556 0.0912731193058
2.66666666667 0.444444444444 0.119817520654
2.66666666667 0.888888888889 0.157013621171
2.66666666667 1.33333333333 0.110226663007
2.66666666667 1.77777777778 0.122732397342
2.66666666667 2.22222222222 0.173694620292
2.66666666667 2.66666666667 0.163278988448
2.66666666667 3.11111111111 0.138129338362
2.66666666667 3.55555555556 0.0972827509383
3.11111111111 0.444444444444 0.0694623207748
3.11111111111 0.888888888889 0.126887321815
3.11111111111 1.33333333333 0.16172074615
3.11111111111 1.77777777778 0.15327521574
3.11111111111 2.22222222222 0.123446734876
3.11111111111 2.66666666667 0.141138728227
3.11111111111 3.11111111111 0.18242260941
3.11111111111 3.55555555556 0.121726285665
3.55555555556 0.444444444444 0.028783605706
3.55555555556 0.888888888889 0.0772096817608
3.55555555556 1.33333333333 0.132143072341
3.55555555556 1.77777777778 0.129609616011
3.55555555556 2.22222222222 0.0914781009679
3.55555555556 2.66666666667 0.102315859762
3.55555555556 3.11111111111 0.124833462867
3.55555555556 3.55555555556 0.0731094614312


