0.363636363636 0.363636363636 0.018490264343
0.363636363636 0.727272727273 0.0487448333506
0.363636363636 1.09090909091 0.0582302474618
0.363636363636 1.45454545455 0.0512683460768
0.363636363636 1.81818181818 0.0372421256323
0.363636363636 2.18181818182 0.0392511541093
0.363636363636 2.54545454545 0.0559040388521
0.363636363636 2.90909090909 0.062012945135
0.363636363636 3.27272727273 0.0493466494258
0.363636363636 3.63636363636 0.0180464811605
0.727272727273 0.363636363636 0.0432441549155
0.727272727273 0.727272727273 0.1068776011
0.727272727273 1.09090909091 0.11764928054
0.727272727273 1.45454545455 0.101461513083
0.727272727273 1.81818181818 0.0815348365128
0.727272727273 2.18181818182 0.0835881070559
0.727272727273 2.54545454545 0.106231609579
0.727272727273 2.90909090909 0.120828347537
0.727272727273 3.27272727273 0.103885798917
0.727272727273 3.63636363636 0.0403293467563
1.09090909091 0.363636363636 0.0498764004048
1.09090909091 0.727272727273 0.108549209562
1.09090909091 1.09090909091 0.0985963102395
1.09090909091 1.45454545455 0.0908016759357
1.09090909091 1.81818181818 0.099742567407
1.09090909091 2.18181818182 0.0975567861448
1.09090909091 2.54545454545 0.0880850124647
1.09090909091 2.90909090909 0.0979877171762
1.09090909091 3.27272727273 0.100809319023
1.09090909091 3.63636363636 0.0440097692695
1.45454545455 0.363636363636 0.0545600037274
1.45454545455 0.727272727273 0.106494140301
1.45454545455 1.09090909091 0.0832329369511
1.45454545455 1.45454545455 0.0836521898067
1.45454545455 1.81818181818 0.110561168499
1.45454545455 2.18181818182 0.104657355077
1.45454545455 2.54545454545 0.0781618748116
1.45454545455 2.90909090909 0.087637103957
1.45454545455 3.27272727273 0.102259979627
1.45454545455 3.63636363636 0.0483815186756
1.81818181818 0.363636363636 0.0552163494993
1.81818181818 0.727272727273 0.113475387354
1.81818181818 1.09090909091 0.0985258020271
1.81818181818 1.45454545455 0.0906484259289
1.81818181818 1.81818181818 0.0970659801882
1.81818181818 2.18181818182 0.0919061587858
1.81818181818 2.54545454545 0.0867398853658
1.81818181818 2.90909090909 0.103749153697
1.81818181818 3.27272727273 0.110003423874
1.81818181818 3.63636363636 0.0495524069806
2.18181818182 0.363636363636 0.0499964372149
2.18181818182 0.727272727273 0.106181585255
2.18181818182 1.09090909091 0.0976391668241
2.18181818182 1.45454545455 0.0859920418018
2.18181818182 1.81818181818 0.0876606572863
2.18181818182 2.18181818182 0.0864117429562
2.18181818182 2.54545454545 0.0855067411901
2.18181818182 2.90909090909 0.0978760289285
2.18181818182 3.27272727273 0.101383363028
2.18181818182 3.63636363636 0.0465858273121
2.54545454545 0.363636363636 0.0467648143579
2.54545454545 0.727272727273 0.097787614808
2.54545454545 1.09090909091 0.0830091614147
2.54545454545 1.45454545455 0.0738739789748
2.54545454545 1.81818181818 0.101087722262
2.54545454545 2.18181818182 0.1065224094
2.54545454545 2.54545454545 0.0813027920261
2.54545454545 2.90909090909 0.0808169305899
2.54545454545 3.27272727273 0.0940701474891
2.54545454545 3.63636363636 0.0472431429543
2.90909090909 0.363636363636 0.0508621267019
2.90909090909 0.727272727273 0.114049025428
2.90909090909 1.09090909091 0.10334125744
2.90909090909 1.45454545455 0.0850718452843
2.90909090909 1.81818181818 0.107136520768
2.90909090909 2.18181818182 0.11278894493
2.90909090909 2.54545454545 0.0926218134238
2.90909090909 2.90909090909 0.103680676723
2.90909090909 3.27272727273 0.116001830789
2.90909090909 3.63636363636 0.0559804804835
3.27272727273 0.363636363636 0.0495880932162
3.27272727273 0.727272727273 0.118470850384
3.27272727273 1.09090909091 0.119216861793
3.27272727273 1.45454545455 0.0970125265983
3.27272727273 1.81818181818 0.0913960594601
3.27272727273 2.18181818182 0.0919559528598
3.27272727273 2.54545454545 0.0966288659436
3.27272727273 2.90909090909 0.1197691236
3.27272727273 3.27272727273 0.124203026987
3.27272727273 3.63636363636 0.0556258311474
3.63636363636 0.363636363636 0.0214732931623
3.63636363636 0.727272727273 0.0533534881107
3.63636363636 1.09090909091 0.057407129232
3.63636363636 1.45454545455 0.0473592851841
3.63636363636 1.81818181818 0.0380701859422
3.63636363636 2.18181818182 0.0373021106642
3.63636363636 2.54545454545 0.0452418126249
3.63636363636 2.90909090909 0.0572161464848
3.63636363636 3.27272727273 0.0560548614068
3.63636363636 3.63636363636 0.0239902570671

