0.363636363636 0.363636363636 0.34513926605471495
0.363636363636 0.727272727273 0.6014122138907149
0.363636363636 1.09090909091 1.093196399442948
0.363636363636 1.45454545455 0.19282314622010882
0.363636363636 1.81818181818 0.8802771395283008
0.363636363636 2.18181818182 0.8802771395283013
0.363636363636 2.54545454545 0.19282314622010868
0.363636363636 2.90909090909 1.0931963994429479
0.363636363636 3.27272727273 0.6014122138907159
0.363636363636 3.63636363636 0.3451392660547151
0.727272727273 0.363636363636 0.6014122138907149
0.727272727273 0.727272727273 0.8576851617267147
0.727272727273 1.09090909091 1.349469347278948
0.727272727273 1.45454545455 0.4490960940561087
0.727272727273 1.81818181818 1.1365500873643006
0.727272727273 2.18181818182 1.1365500873643013
0.727272727273 2.54545454545 0.44909609405610856
0.727272727273 2.90909090909 1.3494693472789479
0.727272727273 3.27272727273 0.8576851617267157
0.727272727273 3.63636363636 0.601412213890715
1.09090909091 0.363636363636 1.093196399442948
1.09090909091 0.727272727273 1.349469347278948
1.09090909091 1.09090909091 1.8412535328311814
1.09090909091 1.45454545455 0.9408802796083421
1.09090909091 1.81818181818 1.628334272916534
1.09090909091 2.18181818182 1.6283342729165344
1.09090909091 2.54545454545 0.9408802796083419
1.09090909091 2.90909090909 1.8412535328311812
1.09090909091 3.27272727273 1.3494693472789492
1.09090909091 3.63636363636 1.0931963994429483
1.45454545455 0.363636363636 0.19282314622010882
1.45454545455 0.727272727273 0.4490960940561087
1.45454545455 1.09090909091 0.9408802796083421
1.45454545455 1.45454545455 0.04050702638550266
1.45454545455 1.81818181818 0.7279610196936946
1.45454545455 2.18181818182 0.7279610196936952
1.45454545455 2.54545454545 0.04050702638550252
1.45454545455 2.90909090909 0.9408802796083419
1.45454545455 3.27272727273 0.4490960940561097
1.45454545455 3.63636363636 0.19282314622010893
1.81818181818 0.363636363636 0.8802771395283008
1.81818181818 0.727272727273 1.1365500873643006
1.81818181818 1.09090909091 1.628334272916534
1.81818181818 1.45454545455 0.7279610196936946
1.81818181818 1.81818181818 1.4154150130018865
1.81818181818 2.18181818182 1.415415013001887
1.81818181818 2.54545454545 0.7279610196936944
1.81818181818 2.90909090909 1.6283342729165338
1.81818181818 3.27272727273 1.1365500873643017
1.81818181818 3.63636363636 0.8802771395283009
2.18181818182 0.363636363636 0.8802771395283013
2.18181818182 0.727272727273 1.1365500873643013
2.18181818182 1.09090909091 1.6283342729165344
2.18181818182 1.45454545455 0.7279610196936952
2.18181818182 1.81818181818 1.415415013001887
2.18181818182 2.18181818182 1.4154150130018877
2.18181818182 2.54545454545 0.727961019693695
2.18181818182 2.90909090909 1.6283342729165344
2.18181818182 3.27272727273 1.1365500873643022
2.18181818182 3.63636363636 0.8802771395283014
2.54545454545 0.363636363636 0.19282314622010868
2.54545454545 0.727272727273 0.44909609405610856
2.54545454545 1.09090909091 0.9408802796083419
2.54545454545 1.45454545455 0.04050702638550252
2.54545454545 1.81818181818 0.7279610196936944
2.54545454545 2.18181818182 0.727961019693695
2.54545454545 2.54545454545 0.04050702638550239
2.54545454545 2.90909090909 0.9408802796083416
2.54545454545 3.27272727273 0.44909609405610956
2.54545454545 3.63636363636 0.19282314622010882
2.90909090909 0.363636363636 1.0931963994429479
2.90909090909 0.727272727273 1.3494693472789479
2.90909090909 1.09090909091 1.8412535328311812
2.90909090909 1.45454545455 0.9408802796083419
2.90909090909 1.81818181818 1.6283342729165338
2.90909090909 2.18181818182 1.6283342729165344
2.90909090909 2.54545454545 0.9408802796083416
2.90909090909 2.90909090909 1.841253532831181
2.90909090909 3.27272727273 1.3494693472789487
2.90909090909 3.63636363636 1.093196399442948
3.27272727273 0.363636363636 0.6014122138907159
3.27272727273 0.727272727273 0.8576851617267157
3.27272727273 1.09090909091 1.3494693472789492
3.27272727273 1.45454545455 0.4490960940561097
3.27272727273 1.81818181818 1.1365500873643017
3.27272727273 2.18181818182 1.1365500873643022
3.27272727273 2.54545454545 0.44909609405610956
3.27272727273 2.90909090909 1.3494693472789487
3.27272727273 3.27272727273 0.8576851617267167
3.27272727273 3.63636363636 0.601412213890716
3.63636363636 0.363636363636 0.3451392660547151
3.63636363636 0.727272727273 0.601412213890715
3.63636363636 1.09090909091 1.0931963994429483
3.63636363636 1.45454545455 0.19282314622010893
3.63636363636 1.81818181818 0.8802771395283009
3.63636363636 2.18181818182 0.8802771395283014
3.63636363636 2.54545454545 0.19282314622010882
3.63636363636 2.90909090909 1.093196399442948
3.63636363636 3.27272727273 0.601412213890716
3.63636363636 3.63636363636 0.34513926605471523


