0.111111111111 0.111111111111 0.00508733800497 
0.111111111111 0.222222222222 0.015800809907 
0.111111111111 0.333333333333 0.0233788075386 
0.111111111111 0.444444444444 0.022865785732 
0.111111111111 0.555555555556 0.016664550207 
0.111111111111 0.666666666667 0.00943646080801 
0.111111111111 0.777777777778 0.00411332506189 
0.111111111111 0.888888888889 0.00100339604428 
0.222222222222 0.111111111111 0.0147599807151 
0.222222222222 0.222222222222 0.0451160653507 
0.222222222222 0.333333333333 0.0651348065185 
0.222222222222 0.444444444444 0.0617553878385 
0.222222222222 0.555555555556 0.0437154810905 
0.222222222222 0.666666666667 0.0245221136673 
0.222222222222 0.777777777778 0.0108762931151 
0.222222222222 0.888888888889 0.0027583994446 
0.333333333333 0.111111111111 0.0192702878808 
0.333333333333 0.222222222222 0.0574135341848 
0.333333333333 0.333333333333 0.0791886994977 
0.333333333333 0.444444444444 0.0720743793881 
0.333333333333 0.555555555556 0.0502981966474 
0.333333333333 0.666666666667 0.030619871357 
0.333333333333 0.777777777778 0.0159552832478 
0.333333333333 0.888888888889 0.00467785299691 
0.444444444444 0.111111111111 0.0156850528449 
0.444444444444 0.222222222222 0.0452622414545 
0.444444444444 0.333333333333 0.0603666146161 
0.444444444444 0.444444444444 0.0557708850451 
0.444444444444 0.555555555556 0.0466151232637 
0.444444444444 0.666666666667 0.0390251162499 
0.444444444444 0.777777777778 0.0266119477912 
0.444444444444 0.888888888889 0.00891922309037 
0.555555555556 0.111111111111 0.00922865338666 
0.555555555556 0.222222222222 0.0266327578799 
0.555555555556 0.333333333333 0.0379079102021 
0.555555555556 0.444444444444 0.0463109586121 
0.555555555556 0.555555555556 0.0578832757179 
0.555555555556 0.666666666667 0.0637686668307 
0.555555555556 0.777777777778 0.0474550610484 
0.555555555556 0.888888888889 0.0162242838556 
0.666666666667 0.111111111111 0.00472540186794 
0.666666666667 0.222222222222 0.0151570808748 
0.666666666667 0.333333333333 0.0288607418076 
0.666666666667 0.444444444444 0.0493632646998 
0.666666666667 0.555555555556 0.0745595680495 
0.666666666667 0.666666666667 0.0841877128706 
0.666666666667 0.777777777778 0.0614961629855 
0.666666666667 0.888888888889 0.0206189535013 
0.777777777778 0.111111111111 0.00235878142579 
0.777777777778 0.222222222222 0.00894563010545 
0.777777777778 0.333333333333 0.0211569577595 
0.777777777778 0.444444444444 0.0405555531589 
0.777777777778 0.555555555556 0.0617189784836 
0.777777777778 0.666666666667 0.0677808157427 
0.777777777778 0.777777777778 0.0482098384178 
0.777777777778 0.888888888889 0.0158948589389 
0.888888888889 0.111111111111 0.000727057845983 
0.888888888889 0.222222222222 0.00301507850379 
0.888888888889 0.333333333333 0.00767486972447 
0.888888888889 0.444444444444 0.0148986191965 
0.888888888889 0.555555555556 0.0223047806102 
0.888888888889 0.666666666667 0.0239546729004 
0.888888888889 0.777777777778 0.0167582262757 
0.888888888889 0.888888888889 0.00547078235531 
