0 739.563416477 738.37446689 10.0103386921
1 738.366703786 737.276954622 10.0094760797
2 737.314415954 736.337926919 10.008491209
3 736.44342367 735.568987774 10.0076037904
4 735.720219896 734.939630594 10.0067877331
5 735.115719007 734.424205238 10.0060131632
6 734.60737715 734.002070749 10.0052635339
7 734.177297243 733.656707413 10.0045268681
8 733.81243653 733.375592022 10.0037986479
9 733.502258467 733.147503952 10.0030848219
10 733.238235437 732.964029474 10.0023843997
11 733.0134815 732.818022927 10.0016996398
12 732.822753742 732.703545302 10.0010365951
13 732.661781543 732.615713767 10.0004005894
14 732.526280201 732.550011197 9.99979364351
15 732.413858529 732.503150371 9.99922354921
16 732.319814107 732.470673823 9.99868817639
17 732.246130846 732.451549479 9.99821375101
18 732.189022091 732.442521341 9.9977956587
19 732.147991551 732.441508677 9.99744767717




