0 732.147991551 732.441508677 9.99744767717
1 731.773237426 732.044068812 9.99764494446
2 731.415012629 731.65318925 9.99792889894
3 731.112277467 731.326846277 9.99813418427
4 730.848846965 731.047263826 9.99827463599
5 730.622803955 730.810398919 9.99836873944
6 730.428297751 730.60709457 9.99844524505
7 730.253954883 730.425769378 9.99850596091
8 730.10372775 730.268762758 9.99856491297
9 729.971667662 730.129033681 9.99863159983
10 729.849998892 730.002251746 9.99867606214
11 729.73794183 729.888225586 9.99869318473
12 729.63490071 729.785721399 9.99868851575
13 729.539160414 729.692892274 9.99866320122
14 729.449207567 729.607940305 9.99861971533
15 729.363922317 729.528947929 9.99856499467
16 729.282931364 729.453646909 9.998515517
17 729.207433609 729.379730988 9.99850176192
18 729.137465909 729.306957968 9.99852615601
19 729.067809193 729.239444007 9.99850752336
20 728.995663433 729.175377148 9.99843727205
21 728.937175084 729.114613814 9.99845705452
22 728.875851343 729.056108739 9.99843254439
23 728.824274858 729.002609423 9.99844926465
24 728.768168617 728.951828549 9.99840295712
25 728.722889252 728.905521172 9.99841189635
26 728.677256001 728.861884682 9.99839453321
27 728.635166247 728.821118213 9.99838302638
28 728.595311001 728.782811177 9.99836956368
29 728.557409059 728.746551468 9.9983552834
30 728.521210139 728.712069397 9.99834035427
31 728.486705327 728.679248016 9.99832571574
32 728.454024555 728.648037554 9.99831293044
33 728.422816414 728.618442105 9.99829890704
34 728.393960696 728.590506552 9.9982909056
35 728.367283214 728.564344606 9.99828642268
36 728.342879955 728.540057595 9.99828541182
37 728.32101307 728.517737274 9.99828935475
38 728.30105108 728.497640485 9.99829052691
39 728.282183366 728.479554453 9.99828372968

