0 728.264442943 728.461509007 9.99828638205
1 728.11203108 728.294944411 9.99840944929
2 727.978318435 728.147924705 9.99852516287
3 727.867119242 728.025286449 9.99862463298
4 727.770686401 727.920746958 9.99869512559
5 727.686899983 727.831235114 9.99874491191
6 727.614606822 727.75444298 9.99878403341
7 727.551122888 727.687846086 9.99881110263
8 727.495482545 727.629664384 9.9988332014
9 727.443367617 727.577845308 9.99883062878
10 727.396788859 727.531779046 9.99882617229
11 727.352692399 727.490461456 9.9988020082
12 727.312372578 727.453384674 9.99877380786
13 727.273692451 727.419764472 9.99872980851
14 727.237163054 727.388810561 9.99868132603
15 727.202884392 727.360638826 9.99862822231
16 727.170365905 727.334867239 9.99856955362
17 727.139169358 727.310982993 9.99850596839
18 727.109908585 727.288962376 9.99844301051
19 727.081023257 727.268460054 9.99837011481
20 727.052687876 727.248793713 9.99829473185
21 727.025915521 727.230372418 9.99822211394
22 726.999292988 727.212842142 9.99814305083
23 726.974382123 727.196618362 9.99806751097
24 726.950646806 727.181090337 9.99799614321
25 726.927506358 727.16639177 9.99792273555
26 726.905086492 727.15249584 9.99784861437
27 726.883600018 727.139259286 9.99777687593
28 726.86326734 727.127018752 9.99770650946
29 726.843078723 727.114986575 9.9976355839
30 726.823299601 727.103763055 9.99756118735
31 726.805523806 727.093092748 9.99749940051
32 726.78874466 727.082994098 9.99744130923
33 726.772014705 727.073821749 9.99737559092
34 726.756452684 727.06543221 9.99731322151
35 726.741324709 727.057794557 9.99724808828
36 726.726855621 727.050814266 9.9971829683
37 726.713933219 727.044182897 9.99712826366
38 726.703207246 727.038261451 9.99708648517
39 726.693425935 727.032748794 9.99704936645

