0 531.732132273 495.22536322 416.82536322 20.5190659023 -20.5190659023
1 48.5405347107 97.8908657242 19.4908657242 5.18744089046 -5.18744089046
2 23.2882670534 77.6756636779 -0.724336322069 4.28796488847 -4.28796488847
3 18.1561348137 71.5975975116 -6.80240248844 4.4568816611 -4.4568816611
4 17.4435634572 68.0810277739 -10.3189722261 4.95759565773 -4.95759565773
5 18.9469342978 65.3534737346 -13.0465262654 5.71311795772 -5.71311795772
6 21.9513364635 62.9671936069 -15.4328063931 6.67573979581 -6.67573979581
7 24.9599057277 61.0172697517 -17.3827302483 7.56118499572 -7.56118499572
8 27.5543114715 59.7848023278 -18.6151976722 8.24455520424 -8.24455520424
9 29.5981714193 59.1726984597 -19.2273015403 8.71883445709 -8.71883445709
10 31.2925353606 58.9326847141 -19.4673152859 9.064259044 -9.064259044
11 32.6937943414 58.7560853815 -19.6439146185 9.34601945712 -9.34601945712
12 33.9100989281 58.5350648179 -19.8649351821 9.60268466255 -9.60268466255
13 34.6754426686 58.2316571116 -20.1683428884 9.79353313518 -9.79353313518
14 35.357534565 57.8937946221 -20.5062053779 9.97566784696 -9.97566784696
15 35.8497382717 57.6074066484 -20.7925933516 10.1147020756 -10.1147020756
16 36.2238019924 57.3745250805 -21.0254749195 10.2230851628 -10.2230851628
17 36.6082758856 57.1442239121 -21.2557760879 10.3328664238 -10.3328664238
18 36.7810522453 56.8854459722 -21.5145540278 10.4099296916 -10.4099296916
19 36.9928919749 56.6764167302 -21.7235832698 10.4850848651 -10.4850848651
20 37.2973662564 56.524167814 -21.875832186 10.566642579 -10.566642579
21 35.0059929052 54.8026593501 -23.5973406499 10.464880992 -10.464880992
22 33.978766384 54.1422914703 -24.2577085297 10.3993705203 -10.3993705203
23 33.3599559561 53.769476565 -24.630523435 10.3554427484 -10.3554427484
24 32.9397197677 53.5200483736 -24.8799516264 10.3249413204 -10.3249413204
25 32.6108093387 53.3600414074 -25.0399585926 10.2947799877 -10.2947799877
26 32.3466646261 53.228834256 -25.171165744 10.2710411375 -10.2710411375
27 32.1617039009 53.159604477 -25.240395523 10.2503748971 -10.2503748971
28 32.0225728322 53.1219328644 -25.2780671356 10.2322571371 -10.2322571371
