0 8.84574734907 9.16505448122 -6.83494551878 9.80043304241
1 8.8488313157 9.16441805247 -6.83558194753 9.80275828952
2 8.85201088223 9.16370507641 -6.83629492359 9.80519112864
3 8.85490805016 9.16283953572 -6.83716046428 9.80754282152
4 8.85820798126 9.162344805 -6.837655195 9.80991448516
5 8.86130304723 9.16172596348 -6.83827403652 9.81223567734
6 8.86466976737 9.16136549769 -6.83863450231 9.81456516855
7 8.8675818974 9.16081260071 -6.83918739929 9.81673081043
8 8.87050881035 9.16028685811 -6.83971314189 9.81888872015
9 8.87325123015 9.15958969332 -6.84041030668 9.82103846052
10 8.87574575949 9.15908356818 -6.84091643182 9.82291386957
11 8.87855489976 9.15857851751 -6.84142148249 9.82498523891
12 8.88117696716 9.15801705906 -6.84198294094 9.82697494256
13 8.88384796585 9.15747843988 -6.84252156012 9.82898095373
14 8.88655293132 9.15692475958 -6.84307524042 9.83101760733
15 8.88915004412 9.15627262305 -6.84372737695 9.83304838817
16 8.8917225372 9.15588377109 -6.84411622891 9.83489922882
17 8.89438519161 9.15545208067 -6.84454791933 9.83683319433
18 8.89667699914 9.15500793506 -6.84499206494 9.83854316505
19 8.89910707153 9.15469423332 -6.84530576668 9.84025802388
20 8.90151468029 9.1542646655 -6.8457353345 9.84203125924
21 8.90403416962 9.15389570585 -6.84610429415 9.84383653986
22 8.90645020147 9.15355722946 -6.84644277054 9.8455581075
23 8.90905494755 9.15330379997 -6.84669620003 9.84734446723
24 8.91125874185 9.15288170809 -6.84711829191 9.8489856461
25 8.91364205267 9.15244499869 -6.84755500131 9.85074815874
26 8.915979506 9.15186072252 -6.84813927748 9.85257423967
27 8.91815003981 9.15146406453 -6.84853593547 9.85417873455
28 8.92046391996 9.1509848045 -6.8490151955 9.85592444717
29 8.92269772233 9.15064040748 -6.84935959252 9.85753582178
30 8.92479123307 9.15043930173 -6.84956069827 9.85896995709
31 8.92692161285 9.15012828742 -6.84987171258 9.8604958284
32 8.92892735346 9.14963973479 -6.85036026521 9.86205476167
33 8.93096921866 9.1492347039 -6.8507652961 9.86358407173
34 8.93293242859 9.1488968259 -6.8511031741 9.86502225168
35 8.93497040166 9.14884123594 -6.85115876406 9.86633072857
36 8.93684991738 9.14851141374 -6.85148858626 9.86771156477
37 8.93881206379 9.14813095211 -6.85186904789 9.8691756948
38 8.94084557214 9.14785770489 -6.85214229511 9.87061741704
39 8.94270876199 9.14764258728 -6.85235741272 9.8719163592
40 8.94433835068 9.14753924541 -6.85246075459 9.87299944079
41 8.94610852863 9.14727875251 -6.85272124749 9.87426861007
42 8.94800426669 9.1468743879 -6.8531256121 9.87570617425
43 8.94956841317 9.14657990529 -6.85342009471 9.87686781743
44 8.95110550939 9.14627979915 -6.85372020085 9.8780160689
45 8.95271355286 9.14599181518 -6.85400818482 9.87920108605
46 8.95429015276 9.14573811523 -6.85426188477 9.88034502346
47 8.95577651154 9.14539302404 -6.85460697596 9.88148967969
48 8.95701591156 9.14502449701 -6.85497550299 9.88249463409
49 8.95852926861 9.14465025936 -6.85534974064 9.88367438078
50 8.96077930768 9.1446295307 -6.8553704693 9.88509361061
51 8.96235436451 9.14433800807 -6.85566199193 9.88626022277
52 8.96375323807 9.14400977271 -6.85599022729 9.88733966585
53 8.96526280816 9.14398676588 -6.85601323412 9.88829752643
54 8.9667176987 9.14381936632 -6.85618063368 9.88931145774
55 8.96792847194 9.14352509871 -6.85647490129 9.89025210827
56 8.96910058141 9.14328567073 -6.85671432927 9.89113431918
57 8.97048596832 9.14289693044 -6.85710306956 9.89224314868
58 8.97183206982 9.14269563661 -6.85730436339 9.89321027076
59 8.97303069066 9.14243015257 -6.85756984743 9.89412533631
60 8.97442411016 9.14201846509 -6.85798153491 9.89525352817
61 8.97562282786 9.14170574922 -6.85829425078 9.89619817415
62 8.9769593973 9.14137254148 -6.85862745852 9.89724178489
63 8.97828722655 9.14118481821 -6.85881518179 9.89818900522
64 8.97956014815 9.14092340135 -6.85907659865 9.89914796675
65 8.98080457926 9.14054604022 -6.85945395978 9.9001615869
66 8.98208654851 9.14036511771 -6.85963488229 9.90107589425
67 8.98332419346 9.14020386681 -6.85979613319 9.90195020416
68 8.98412830063 9.14021696611 -6.85978303389 9.90244458407
69 8.98530373311 9.1399481866 -6.8600518134 9.90334721657
70 8.98697910019 9.13959032151 -6.86040967849 9.90461798667
71 8.98840449754 9.13928813013 -6.86071186987 9.90569772963
72 8.98960804053 9.1389010332 -6.8610989668 9.90669187958
73 8.99056595542 9.13888367499 -6.86111632501 9.90730142527
74 8.99168712736 9.13879843892 -6.86120156108 9.90805543028
75 8.9926228206 9.13862157488 -6.86137842512 9.90875077858
76 8.99359667651 9.13823508425 -6.86176491575 9.90960099516
77 8.9947676169 9.13796622448 -6.86203377552 9.91050087026
78 8.9959574065 9.1375896059 -6.8624103941 9.91147987537
79 8.99696799226 9.13738974831 -6.86261025169 9.91223640247

