0 9.04907897837 9.04236376589 -6.95763623411 10.0041970078
1 9.0498177405 9.04227623102 -6.95772376898 10.0047134434
2 9.05040221538 9.04217708263 -6.95782291737 10.005140708
3 9.05117502612 9.04211287273 -6.95788712727 10.0056638459
4 9.05178404902 9.04204641699 -6.95795358301 10.00608602
5 9.05249283821 9.04200823417 -6.95799176583 10.0065528775
6 9.05321857176 9.04198078911 -6.95801921089 10.0070236142
7 9.05392053624 9.04191841826 -6.95808158174 10.0075013237
8 9.05467425268 9.04178260433 -6.95821739567 10.0080572802
9 9.05537000761 9.04173724929 -6.95826275071 10.0085204739
10 9.05595154055 9.04167355422 -6.95832644578 10.0089237415
11 9.05661604265 9.04151489011 -6.95848510989 10.0094382203
12 9.05715945956 9.04142060005 -6.95857939995 10.0098367872
13 9.05785102287 9.04137583312 -6.95862416688 10.0102969936
14 9.05848057033 9.04138201156 -6.95861798844 10.0106865992
15 9.05899126009 9.04123919272 -6.95876080728 10.0110950421
16 9.05970531511 9.04119734707 -6.95880265293 10.01156748
17 9.06030790821 9.04099573798 -6.95900426202 10.0120701064
18 9.06093478722 9.04089100414 -6.95910899586 10.0125273644
19 9.06155766749 9.04081024365 -6.95918975635 10.0129671399
20 9.06220335418 9.04074756779 -6.95925243221 10.0134098665
21 9.06286316441 9.04065095537 -6.95934904463 10.0138826306
22 9.06347911557 9.04053447712 -6.95946552288 10.014340399
23 9.06430385933 9.04037066857 -6.95962933143 10.0149582442
24 9.0650263875 9.04025972633 -6.95974027367 10.0154791632
25 9.06568463712 9.04017687404 -6.95982312596 10.0159423519
26 9.06614818418 9.04001404538 -6.95998595462 10.0163338367
27 9.06691789826 9.04000436292 -6.95999563708 10.0168209596
28 9.06760685386 9.03993823396 -6.96006176604 10.0172928874
29 9.06822409001 9.03984566207 -6.96015433793 10.0177365175
30 9.06882266328 9.03979684283 -6.96020315717 10.0181411378
31 9.06940507229 9.03969125002 -6.96030874998 10.0185711389
32 9.0700443183 9.0396618617 -6.9603381383 10.0189890354

