0 9.0581823443 9.0371912754 -6.9628087246 10.0131194181
1 9.05798948534 9.03631285603 -6.96368714397 10.0135478933
2 9.05794770281 9.03539046918 -6.96460953082 10.014098271
3 9.05773806662 9.03460225273 -6.96539774727 10.0144598837
4 9.05766396009 9.034003985 -6.965996015 10.0147874844
5 9.05774520948 9.0335164336 -6.9664835664 10.0151429849
6 9.05754037483 9.03281243002 -6.96718756998 10.0154549655
7 9.05748691196 9.03234686894 -6.96765313106 10.0157125269
8 9.05741983352 9.03187910734 -6.96812089266 10.0159629539
9 9.05740937367 9.03150449996 -6.96849550004 10.0161905461
10 9.05764393787 9.03101937585 -6.96898062415 10.0166403513
11 9.0577771505 9.03061026877 -6.96938973123 10.0169793011
12 9.05785417231 9.03025726489 -6.96974273511 10.0172480671
13 9.05795144016 9.02985283932 -6.97014716068 10.0175616255
14 9.058066603 9.02952345353 -6.97047654647 10.0178394684
15 9.05832957823 9.02920396173 -6.97079603827 10.0182035103
16 9.05863817411 9.02893177339 -6.97106822661 10.0185665005
17 9.05892069254 9.02861722455 -6.97138277545 10.0189396675
18 9.05915583692 9.02842367629 -6.97157632371 10.0192076004
19 9.05932346453 9.02811593128 -6.97188406872 10.0195047083
20 9.05963602336 9.02781543363 -6.97218456637 10.0198878686
21 9.05992267051 9.0275137179 -6.9724862821 10.0202555954
22 9.06008896116 9.02731371484 -6.97268628516 10.020484529
23 9.06024596783 9.02707163745 -6.97292836255 10.0207339565
24 9.06044972501 9.0268433451 -6.9731566549 10.0210039874
25 9.06065891889 9.02656610155 -6.97343389845 10.0213080108
26 9.06091611065 9.02632906582 -6.97367093418 10.021616903
27 9.06118524566 9.02612502508 -6.97387497492 10.0219126379
28 9.06140953929 9.02594824573 -6.97405175427 10.0221633085
29 9.06159294831 9.02570653324 -6.97429346676 10.0224290094
30 9.06195314527 9.02544366621 -6.97455633379 10.0228184244
31 9.06226896247 9.0252268143 -6.9747731857 10.0231513426
32 9.06257131086 9.02504484795 -6.97495515205 10.0234540393
33 9.06285163161 9.02486985632 -6.97513014368 10.0237386096
34 9.06318226017 9.02463555244 -6.97536444756 10.0240916923
35 9.06347754895 9.02447223613 -6.97552776387 10.0243783205
36 9.06383857965 9.02428609993 -6.97571390007 10.0247202998
37 9.06416797668 9.02415851356 -6.97584148644 10.0250059144
38 9.06451176001 9.02395433786 -6.97604566214 10.0253483888
39 9.06486908381 9.02381154713 -6.97618845287 10.0256609604
40 9.06521898665 9.02363364043 -6.97636635957 10.0259908414
41 9.06561127849 9.02353348001 -6.97646651999 10.026298624
42 9.06599102097 9.02334899104 -6.97665100896 10.0266512687
43 9.06639529785 9.02320609981 -6.97679390019 10.0269932488
44 9.06676366229 9.02307589226 -6.97692410774 10.0273048563
45 9.06713320504 9.02291945584 -6.97708054416 10.0276335932
46 9.06747595083 9.02283528363 -6.97716471637 10.027900417
47 9.06774821284 9.02270592866 -6.97729407134 10.0281514276

48 9.06810458325 9.02256858911 -6.97743141089 10.0284599963
49 9.06853870512 9.02241391116 -6.97758608884 10.0288279962
50 9.06886511244 9.02229091686 -6.97770908314 10.0291088722
51 9.06916745549 9.02215725133 -6.97784274867 10.0293813776



50 9.06886511244 9.02229091686 -6.97770908314 10.0291088722
51 9.06916745549 9.02215725133 -6.97784274867 10.0293813776
52 9.06949204946 9.02206509247 -6.97793490753 10.0296418481
53 9.06983712892 9.0219165033 -6.9780834967 10.029950391
54 9.07018591227 9.02176541381 -6.97823458619 10.0302628115
55 9.07063671844 9.02167637014 -6.97832362986 10.0306002177
56 9.07105384803 9.02152971452 -6.97847028548 10.0309525834
57 9.07138532433 9.02138207556 -6.97861792444 10.0312520305
58 9.07175840597 9.02130536725 -6.97869463275 10.0315331492
59 9.07213214616 9.02117590257 -6.97882409743 10.0318476522
60 9.07245014711 9.02109658591 -6.97890341409 10.0320959758
61 9.07279735698 9.02100422063 -6.97899577937 10.0323707102
62 9.07312836588 9.02086612781 -6.97913387219 10.0326638988
63 9.07350861909 9.02078182376 -6.97921817624 10.0329542471
64 9.07389186949 9.02067891694 -6.97932108306 10.0332580953
65 9.07433267561 9.02061270941 -6.97938729059 10.0335749789
66 9.07475497927 9.02049614092 -6.97950385908 10.033911774
67 9.07515677165 9.0204160752 -6.9795839248 10.0342129353
68 9.07552512407 9.02029343956 -6.97970656044 10.0345198028
69 9.07589511257 9.020197155 -6.979802845 10.0348112235
70 9.07630442485 9.02008643557 -6.97991356443 10.0351362433
71 9.07681298038 9.02003645503 -6.97996354497 10.0354853283
72 9.07723621374 9.01999400648 -6.98000599352 10.0357763795
73 9.0776712161 9.01986079049 -6.98013920951 10.036131516
74 9.07812775253 9.0197790868 -6.9802209132 10.0364679161
75 9.07860048871 9.01966494448 -6.98033505552 10.0368347151
76 9.07905252747 9.01959507298 -6.98040492702 10.0371609091
77 9.07946394106 9.01954309908 -6.98045690092 10.0374505262
78 9.07996569086 9.01949438258 -6.98050561742 10.0377945677
79 9.08033984997 9.01942486619 -6.98057513381 10.0380718649

