0 9.08074542561 9.01930763855 -6.98069236145 10.0383986169
1 9.08089874155 9.01880106849 -6.98119893151 10.0388110457
2 9.08095846765 9.01812484308 -6.98187515692 10.0392710154
3 9.08121326682 9.01763327284 -6.98236672716 10.0397374962
4 9.08132271266 9.01719224762 -6.98280775238 10.0400815406
5 9.08155071919 9.01688029625 -6.98311970375 10.0404190143
6 9.08188091832 9.01655964897 -6.98344035103 10.0408257933
7 9.08217531515 9.01630702186 -6.98369297814 10.0411676833
8 9.08236804535 9.01620041946 -6.98379958054 10.0413547662
9 9.08259078647 9.01605133056 -6.98394866944 10.0415871599
10 9.08286761382 9.01591352604 -6.98408647396 10.0418463049
11 9.08307995791 9.01573239957 -6.98426760043 10.042092224
12 9.0832907651 9.01550751105 -6.98449248895 10.0423645338
13 9.08358216922 9.01531013304 -6.98468986696 10.0426700226
14 9.08389850707 9.01508123732 -6.98491876268 10.0430107936
15 9.08412770639 9.01493545116 -6.98506454884 10.0432451595
16 9.08433814513 9.01473693748 -6.98526306252 10.0435007548
17 9.08462497906 9.01457364268 -6.98542635732 10.0437820852
18 9.08489018417 9.01438092244 -6.98561907756 10.0440682886
19 9.0852165107 9.01429319213 -6.98570680787 10.0443270741
20 9.08552725524 9.01419315017 -6.98580684983 10.0445838157
21 9.08584186357 9.01408628556 -6.98591371444 10.0448472363
22 9.08614363042 9.01392333434 -6.98607666566 10.045137685
23 9.08646761597 9.01382811495 -6.98617188505 10.0453996881
24 9.08689018831 9.01364134108 -6.98635865892 10.0457805295
25 9.0872693054 9.01349835744 -6.98650164256 10.0461068425

