0 9.07074070077 9.00895212161 -6.99104787839 10.038617862
1 9.07105569334 9.0086001217 -6.9913998783 10.0390347323
2 9.07125089165 9.00807142046 -6.99192857954 10.0394871695
3 9.07139019546 9.0077288472 -6.9922711528 10.0397883427
4 9.07171878024 9.00753842769 -6.99246157231 10.0401127203
5 9.07200042141 9.00743582087 -6.99256417913 10.0403528753
6 9.07214900557 9.00720879238 -6.99279120762 10.0405876332
7 9.0723893784 9.00704002891 -6.99295997109 10.0408433434
8 9.0723893784 9.00504002891 -6.99295997109 10.0408433434

