0 7.53788442089 7.54592881016 -3.95407118984 9.9930048789 -9.9930048789
1 7.53639022756 7.54426038321 -3.95573961679 9.99315638639 -9.99315638639
2 7.53491532188 7.54264424016 -3.95735575984 9.9932792015 -9.9932792015
3 7.53354788195 7.54110247501 -3.95889752499 9.99343078865 -9.99343078865
4 7.5322278495 7.53962033781 -3.96037966219 9.9935717493 -9.9935717493
5 7.53095249758 7.53818809285 -3.96181190715 9.99370817802 -9.99370817802
6 7.52975287561 7.53680825625 -3.96319174375 9.9938648864 -9.9938648864
7 7.52864183815 7.53548795124 -3.96451204876 9.99404685818 -9.99404685818
8 7.52758549544 7.53416764398 -3.96583235602 9.99427639257 -9.99427639257
9 7.5265478549 7.53290551095 -3.96709448905 9.99447160344 -9.99447160344
10 7.52553564926 7.53167854676 -3.96832145324 9.99465835 -9.99465835
11 7.52452687466 7.53048427288 -3.96951572712 9.99481965372 -9.99481965372
12 7.52353683962 7.52931271746 -3.97068728254 9.99497749753 -9.99497749753
13 7.52264339177 7.52817710049 -3.97182289951 9.99518807938 -9.99518807938
14 7.52179549579 7.52706950706 -3.97293049294 9.99541390324 -9.99541390324
15 7.52093764436 7.52600991552 -3.97399008448 9.99558932943 -9.99558932943
16 7.52019555285 7.52498045775 -3.97501954225 9.99583921313 -9.99583921313
17 7.51953124913 7.52399235313 -3.97600764687 9.99612077913 -9.99612077913
18 7.51889278879 7.52306034116 -3.97693965884 9.99637604142 -9.99637604142
19 7.51826286603 7.52213035666 -3.97786964334 9.99663696467 -9.99663696467
20 7.5176754668 7.52122434996 -3.97877565004 9.99691401465 -9.99691401465
21 7.51712729727 7.52034755177 -3.97965244823 9.9971997787 -9.9971997787
22 7.51661975073 7.5195125752 -3.9804874248 9.99748450046 -9.99748450046
23 7.51609602672 7.51870432143 -3.98129567857 9.99773191765 -9.99773191765
24 7.51561948487 7.51792339153 -3.98207660847 9.9979966029 -9.9979966029
25 7.51516852778 7.51716425325 -3.98283574675 9.99826458655 -9.99826458655
26 7.51471871949 7.51643432141 -3.98356567859 9.99850817224 -9.99850817224
27 7.51427338769 7.51573005803 -3.98426994197 9.99873333014 -9.99873333014
28 7.51383610233 7.51504449228 -3.98495550772 9.99894922613 -9.99894922613
29 7.51341589566 7.51438343134 -3.98561656866 9.99915866463 -9.99915866463
30 7.51305493386 7.51378179092 -3.98621820908 9.99936795038 -9.99936795038
31 7.51263018344 7.51316417328 -3.98683582672 9.99953566101 -9.99953566101
32 7.51221219518 7.5125558631 -3.9874441369 9.99970115833 -9.99970115833
33 7.51181726157 7.51198313993 -3.98801686007 9.99985575794 -9.99985575794
34 7.51143653747 7.51143333686 -3.98856666314 10.0000027831 -10.0000027831
35 7.51105052592 7.51088150756 -3.98911849244 10.0001469725 -10.0001469725
36 7.51068735679 7.51038004103 -3.98961995897 10.0002672311 -10.0002672311
37 7.51034116706 7.5099000037 -3.9900999963 10.0003836203 -10.0003836203
38 7.51001358207 7.50944306894 -3.99055693106 10.0004960984 -10.0004960984
39 7.5096653695 7.50898831036 -3.99101168964 10.0005887471 -10.0005887471

