0 7.50934776743 7.50856545085 -3.99143454915 10.0006802753 -10.0006802753
1 7.49799891181 7.49695611323 -4.00304388677 10.0009067814 -10.0009067814
2 7.48732837699 7.48590106833 -4.01409893167 10.001241138 -10.001241138
3 7.47738109067 7.47579319731 -4.02420680269 10.0013807768 -10.0013807768
4 7.46826120001 7.46639706564 -4.03360293436 10.0016209864 -10.0016209864
5 7.45980513924 7.45772732961 -4.04227267039 10.001806791 -10.001806791
6 7.45212294467 7.44974314654 -4.05025685346 10.0020693897 -10.0020693897
7 7.44479816074 7.44239224716 -4.05760775284 10.0020920988 -10.0020920988
8 7.43787432078 7.4355662393 -4.0644337607 10.0020070274 -10.0020070274
9 7.43138749713 7.42926299062 -4.07073700938 10.001847397 -10.001847397
10 7.4253167528 7.42336642655 -4.07663357345 10.0016959359 -10.0016959359
11 7.41954506593 7.41788034224 -4.08211965776 10.0014475858 -10.0014475858
12 7.41406458726 7.41275939705 -4.08724060295 10.001134948 -10.001134948
13 7.40899467708 7.40802919386 -4.09197080614 10.0008395506 -10.0008395506
14 7.40413642179 7.40358620872 -4.09641379128 10.0004784461 -10.0004784461
15 7.3996419488 7.39945178976 -4.10054821024 10.0001653557 -10.0001653557
16 7.3953875886 7.39558697652 -4.10441302348 9.99982661919 -9.99982661919
17 7.39142991785 7.3919667345 -4.1080332655 9.99953320291 -9.99953320291
18 7.38773198224 7.3885652635 -4.1114347365 9.9992754076 -9.9992754076
19 7.38431136967 7.38538467318 -4.11461532682 9.99906669259 -9.99906669259
20 7.38103076869 7.38239733897 -4.11760266103 9.99881167802 -9.99881167802
21 7.37802420555 7.37957978269 -4.12042021731 9.99864732422 -9.99864732422
22 7.37532235522 7.37694319305 -4.12305680695 9.99859057581 -9.99859057581
23 7.37284259888 7.37447421541 -4.12552578459 9.99858120302 -9.99858120302
24 7.37048853396 7.37217017374 -4.12782982626 9.99853770454 -9.99853770454
25 7.36828830298 7.37001662008 -4.12998337992 9.99849711556 -9.99849711556
26 7.36618512558 7.3679593449 -4.1320406551 9.9984572006 -9.9984572006
27 7.36406608295 7.36601584419 -4.13398415581 9.99830455545 -9.99830455545
28 7.36214391283 7.36415161443 -4.13584838557 9.99825417252 -9.99825417252
29 7.36040446799 7.36243136745 -4.13756863255 9.99823747873 -9.99823747873
30 7.35873818803 7.36079745946 -4.13920254054 9.99820932918 -9.99820932918
31 7.35715890521 7.3592428465 -4.1407571535 9.99818787714 -9.99818787714
32 7.35556335589 7.35773534181 -4.14226465819 9.99811131659 -9.99811131659
33 7.35415893735 7.3563043313 -4.1436956687 9.99813444004 -9.99813444004
34 7.35295119655 7.35499420868 -4.14500579132 9.99822346772 -9.99822346772
35 7.35172040543 7.35375607377 -4.14624392623 9.99822985362 -9.99822985362
36 7.35051346606 7.35253854303 -4.14746145697 9.9982390635 -9.9982390635
37 7.34929448573 7.35136822849 -4.14863177151 9.99819674543 -9.99819674543
38 7.34817196845 7.35021438318 -4.14978561682 9.99822398719 -9.99822398719
39 7.34718010662 7.3491673139 -4.1508326861 9.99827199367 -9.99827199367
40 7.34627945642 7.34817497888 -4.15182502112 9.9983517196 -9.9983517196
41 7.3454411831 7.34741665166 -4.15258334834 9.99828220125 -9.99828220125
42 7.34471884047 7.3466081721 -4.1533918279 9.99835710294 -9.99835710294
43 7.34399125462 7.34585888028 -4.15414111972 9.99837597768 -9.99837597768
44 7.34324690155 7.34513958934 -4.15486041066 9.99835418453 -9.99835418453
45 7.34253850731 7.34443310653 -4.15556689347 9.99835252242 -9.99835252242
46 7.34180300916 7.34374105925 -4.15625894075 9.99831473905 -9.99831473905
47 7.34125521584 7.34310099272 -4.15689900728 9.99839497662 -9.99839497662
48 7.3406843049 7.34247082629 -4.15752917371 9.99844650313 -9.99844650313
49 7.34013876384 7.34185775661 -4.15814224339 9.99850522367 -9.99850522367
50 7.33985993248 7.34123921045 -4.15876078955 9.99880062785 -9.99880062785
51 7.33948877627 7.34073534239 -4.15926465761 9.99891602946 -9.99891602946
52 7.3390034527 7.34017105623 -4.15982894377 9.99898469258 -9.99898469258
53 7.33852021435 7.33961342552 -4.16038657448 9.99904938159 -9.99904938159
54 7.33808795786 7.33904725449 -4.16095274551 9.99916582902 -9.99916582902
55 7.33767269365 7.33851052314 -4.16148947686 9.99927145261 -9.99927145261
56 7.33716937478 7.33800380387 -4.16199619613 9.99927440949 -9.99927440949
57 7.33678982617 7.33748487234 -4.16251512766 9.99939561203 -9.99939561203
58 7.33631365571 7.33695995059 -4.16304004941 9.99943800445 -9.99943800445
59 7.33590745796 7.33648595516 -4.16351404484 9.99949695896 -9.99949695896
60 7.33548020866 7.33598999005 -4.16401000995 9.99955671183 -9.99955671183
61 7.33512631438 7.33552756559 -4.16447243441 9.99965108591 -9.99965108591
62 7.33483010903 7.33506429935 -4.16493570065 9.99979635624 -9.99979635624
63 7.33424194447 7.33457625574 -4.16542374426 9.99970929455 -9.99970929455
64 7.33390328334 7.3341594253 -4.1658405747 9.99977726786 -9.99977726786
65 7.33355561899 7.33371014824 -4.16628985176 9.99986562674 -9.99986562674
66 7.3332361627 7.33331629832 -4.16668370168 9.99993031685 -9.99993031685
67 7.3330107092 7.33296457797 -4.16703542203 10.0000401141 -10.0000401141
68 7.33269717589 7.33258114589 -4.16741885411 10.0001008957 -10.0001008957
69 7.33235787928 7.3321975932 -4.1678024068 10.0001393792 -10.0001393792
70 7.33227062237 7.33187078412 -4.16812921588 10.0003476854 -10.0003476854
71 7.33206692134 7.33155142348 -4.16844857652 10.000448259 -10.000448259
72 7.33179197265 7.33120001889 -4.16879998111 10.0005147424 -10.0005147424
73 7.33159227013 7.3308716706 -4.1691283294 10.0006266083 -10.0006266083
74 7.33138639215 7.33055238722 -4.16944761278 10.0007252217 -10.0007252217
75 7.33125368089 7.33027500827 -4.16972499173 10.0008510197 -10.0008510197
76 7.33099422179 7.32993857736 -4.17006142264 10.0009179517 -10.0009179517
77 7.33073487521 7.32962988558 -4.17037011442 10.0009608606 -10.0009608606
78 7.33041917994 7.32931368563 -4.17068631437 10.0009612994 -10.0009612994
79 7.32992590255 7.32896361608 -4.17103638392 10.0008367708 -10.0008367708

