0 7.31738829339 7.31809540431 -4.18190459569 9.99938512094 -9.99938512094
1 7.31447368423 7.31485485798 -4.18514514202 9.99966854457 -9.99966854457
2 7.31183317475 7.31188919428 -4.18811080572 9.99995128736 -9.99995128736
3 7.30946892466 7.3092290487 -4.1907709513 10.0002085878 -10.0002085878
4 7.3074828763 7.30688846854 -4.19311153146 10.0005168763 -10.0005168763
5 7.30568126717 7.30483265436 -4.19516734564 10.0007379242 -10.0007379242
6 7.30400658251 7.30296111006 -4.19703888994 10.0009091065 -10.0009091065
7 7.30245132009 7.30120933691 -4.19879066309 10.0010799854 -10.0010799854
8 7.3010182133 7.29964264976 -4.20035735024 10.0011961422 -10.0011961422
9 7.29968002686 7.29821649608 -4.20178350392 10.0012726355 -10.0012726355
10 7.29853597875 7.29693383287 -4.20306616713 10.0013931703 -10.0013931703
11 7.29752130874 7.29577509509 -4.20422490491 10.0015184467 -10.0015184467
12 7.29655073764 7.29470415521 -4.20529584479 10.0016057239 -10.0016057239
13 7.2956632862 7.29372077719 -4.20627922281 10.0016891383 -10.0016891383
14 7.29475652994 7.2927929738 -4.2072070262 10.0017074401 -10.0017074401
15 7.29395592653 7.29193098832 -4.20806901168 10.0017608158 -10.0017608158
16 7.29305653784 7.29113901398 -4.20886098602 10.001667412 -10.001667412
17 7.29238343572 7.29042317056 -4.20957682944 10.0017045784 -10.0017045784
18 7.29166920303 7.2897283822 -4.2102716178 10.0016876703 -10.0016876703
19 7.29104094799 7.28907698506 -4.21092301494 10.0017077939 -10.0017077939
20 7.29042787449 7.28846358152 -4.21153641848 10.0017080808 -10.0017080808
21 7.28982667819 7.28787574153 -4.21212425847 10.0016964667 -10.0016964667
22 7.28928647586 7.28732010236 -4.21267989764 10.00170989 -10.00170989
23 7.28875198165 7.28679773234 -4.21320226766 10.0016993472 -10.0016993472
24 7.28821947724 7.28627132667 -4.21372867333 10.001694044 -10.001694044
25 7.28777029832 7.28582204389 -4.21417795611 10.0016941343 -10.0016941343
26 7.28735395605 7.28540236119 -4.21459763881 10.001697039 -10.001697039
27 7.28689633912 7.28497972292 -4.21502027708 10.0016666228 -10.0016666228
28 7.28644500657 7.28458215875 -4.21541784125 10.0016198677 -10.0016198677
29 7.28600628472 7.28419366773 -4.21580633227 10.0015761887 -10.0015761887
30 7.28552844713 7.2838396128 -4.2161603872 10.0014685516 -10.0014685516
31 7.28512912275 7.28349107574 -4.21650892426 10.0014243887 -10.0014243887
32 7.28470773475 7.28313958459 -4.21686041541 10.0013636088 -10.0013636088
33 7.28434646605 7.28283313349 -4.21716686651 10.0013159414 -10.0013159414
34 7.28397208931 7.28253273944 -4.21746726056 10.0012516086 -10.0012516086
35 7.28358849267 7.28223677791 -4.21776322209 10.0011754041 -10.0011754041
36 7.28325978868 7.28196202839 -4.21803797161 10.0011284872 -10.0011284872
37 7.28290185357 7.28168329271 -4.21831670729 10.0010596181 -10.0010596181
38 7.28257988677 7.28142280062 -4.21857719938 10.0010061619 -10.0010061619
39 7.2822696605 7.28116725268 -4.21883274732 10.0009586155 -10.0009586155
40 7.28195718259 7.28091782295 -4.21908217705 10.000903791 -10.000903791
41 7.28169638255 7.28071818834 -4.21928181166 10.0008506037 -10.0008506037
42 7.28144035793 7.28050751006 -4.21949248994 10.0008111721 -10.0008111721
43 7.28121189181 7.28030957758 -4.21969042242 10.0007846211 -10.0007846211
44 7.2810465022 7.28013610582 -4.21986389418 10.000791649 -10.000791649
45 7.28083561653 7.27995378737 -4.22004621263 10.000766808 -10.000766808
46 7.28055792759 7.27978001653 -4.22021998347 10.0006764444 -10.0006764444
47 7.28037955123 7.27960385469 -4.22039614531 10.0006745187 -10.0006745187
47 7.28037955123 7.27960385469 -4.22039614531 10.0006745187 -10.0006745187
48 7.28014290328 7.27945755108 -4.22054244892 10.0005959584 -10.0005959584
49 7.27993265844 7.27930481121 -4.22069518879 10.0005459541 -10.0005459541
50 7.27976214317 7.27915460029 -4.22084539971 10.0005282982 -10.0005282982
51 7.27958925311 7.27900745318 -4.22099254682 10.000505913 -10.000505913
52 7.27944676638 7.27885699564 -4.22114300436 10.0005128441 -10.0005128441
53 7.27927753537 7.27871739031 -4.22128260969 10.0004870827 -10.0004870827
54 7.27906667953 7.27856079339 -4.22143920661 10.000439901 -10.000439901
55 7.278941151 7.27843005723 -4.22156994277 10.0004444294 -10.0004444294
56 7.27875383044 7.2782886107 -4.2217113893 10.0004045389 -10.0004045389
57 7.27860842737 7.2781592459 -4.2218407541 10.0003905926 -10.0003905926
58 7.27845421503 7.27801372189 -4.22198627811 10.0003830375 -10.0003830375
59 7.27837896234 7.27790061937 -4.22209938063 10.0004159504 -10.0004159504
60 7.27824314084 7.27778220786 -4.22221779214 10.0004008113 -10.0004008113
61 7.27809612853 7.2776669541 -4.2223330459 10.0003731952 -10.0003731952
62 7.27796509815 7.27755188169 -4.22244811831 10.0003593187 -10.0003593187
63 7.27784141119 7.27744855651 -4.22255144349 10.0003416128 -10.0003416128
64 7.27772321617 7.2773524242 -4.2226475758 10.0003224278 -10.0003224278
65 7.27761583283 7.27725282463 -4.22274717537 10.0003156593 -10.0003156593
66 7.27749665533 7.27715620315 -4.22284379685 10.0002960454 -10.0002960454
67 7.2773879075 7.27706132215 -4.22293867785 10.0002839873 -10.0002839873
68 7.27730197026 7.27697810132 -4.22302189868 10.0002816252 -10.0002816252
69 7.27721374882 7.27690235061 -4.22309764939 10.0002707811 -10.0002707811
70 7.277108346 7.27682366358 -4.22317633642 10.0002475499 -10.0002475499
71 7.2770255017 7.27674989231 -4.22325010769 10.0002396603 -10.0002396603
72 7.27694401273 7.27667598606 -4.22332401394 10.0002330667 -10.0002330667
73 7.27685528228 7.27660565188 -4.22339434812 10.0002170699 -10.0002170699
74 7.27674993676 7.27653071999 -4.22346928001 10.0001906233 -10.0001906233
75 7.27666411326 7.27646303041 -4.22353696959 10.0001748547 -10.0001748547
76 7.27657828853 7.27639094249 -4.22360905751 10.0001629096 -10.0001629096
77 7.27651285012 7.27631284724 -4.22368715276 10.0001739155 -10.0001739155
78 7.27641839713 7.2762397397 -4.2237602603 10.0001553543 -10.0001553543
79 7.27632040795 7.27616383001 -4.22383616999 10.0001361547 -10.0001361547

