0 7.27401241729 7.27384876113 -4.22615123887 10.0001423097 -10.0001423097
1 7.273395742 7.27339549977 -4.22660450023 10.0000002106 -10.0000002106
2 7.27290864997 7.27294523539 -4.22705476461 9.99996818659 -9.99996818659
3 7.27241026968 7.27252454775 -4.22747545225 9.99990062776 -9.99990062776
4 7.27203561197 7.27214504818 -4.22785495182 9.99990483807 -9.99990483807
5 7.27180187067 7.27185158592 -4.22814841408 9.99995676935 -9.99995676935
6 7.27141517658 7.27152511213 -4.22847488787 9.99990440386 -9.99990440386
7 7.27110273871 7.2712655163 -4.2287344837 9.99985845427 -9.99985845427
8 7.27086615672 7.27102893064 -4.22897106936 9.99985845745 -9.99985845745
9 7.27062758939 7.27085031445 -4.22914968555 9.99980632603 -9.99980632603
10 7.2704287123 7.27065090048 -4.22934909952 9.99980679289 -9.99980679289
11 7.27017848835 7.27045769462 -4.22954230538 9.99975721194 -9.99975721194
12 7.26996045386 7.27028126544 -4.22971873456 9.99972103341 -9.99972103341
13 7.26971803857 7.27010323 -4.22989677 9.99966505094 -9.99966505094
14 7.26947786317 7.26993014424 -4.23006985576 9.99960671212 -9.99960671212
15 7.269201438 7.26976421674 -4.23023578326 9.99951062719 -9.99951062719
16 7.2689592271 7.26963930237 -4.23036069763 9.9994086302 -9.9994086302
17 7.26877302955 7.26950247385 -4.23049752615 9.99936570061 -9.99936570061
18 7.26862530947 7.26938758673 -4.23061241327 9.9993371502 -9.9993371502
19 7.26842206839 7.26929778957 -4.23070221043 9.99923850331 -9.99923850331
20 7.26831577399 7.26920244054 -4.23079755946 9.99922898561 -9.99922898561
21 7.26813409085 7.26909403727 -4.23090596273 9.99916526398 -9.99916526398
22 7.26794429692 7.26898692689 -4.23101307311 9.99909336525 -9.99909336525
23 7.2678232227 7.26892908487 -4.23107091513 9.99903838072 -9.99903838072
24 7.26759573114 7.26884912464 -4.23115087536 9.99891009261 -9.99891009261
25 7.26744623307 7.2687738075 -4.2312261925 9.99884558745 -9.99884558745
26 7.26732129652 7.26871874136 -4.23128125864 9.99878483057 -9.99878483057
27 7.26718468831 7.26866574708 -4.23133425292 9.99871212281 -9.99871212281
28 7.26707198312 7.26861992926 -4.23138007074 9.99865395988 -9.99865395988
29 7.26693862191 7.26856749605 -4.23143250395 9.99858358771 -9.99858358771
30 7.26682879665 7.26855326546 -4.23144673454 9.99850046191 -9.99850046191
31 7.26668529391 7.26851383171 -4.23148616829 9.99840996713 -9.99840996713
32 7.2665093297 7.26845860764 -4.23154139236 9.9983049757 -9.9983049757
33 7.26643159207 7.2684276651 -4.2315723349 9.99826428432 -9.99826428432
34 7.26632085401 7.26839759079 -4.23160240921 9.99819414194 -9.99819414194
35 7.26626415024 7.26835637058 -4.23164362942 9.99818067796 -9.99818067796
36 7.26612474395 7.26835347488 -4.23164652512 9.99806197311 -9.99806197311
37 7.26601622949 7.26831882008 -4.23168117992 9.99799774731 -9.99799774731
38 7.26589228075 7.26830330674 -4.23169669326 9.99790345566 -9.99790345566
39 7.26571638358 7.26826988929 -4.23173011071 9.99777956026 -9.99777956026
40 7.26571638358 7.26826988929 -4.23173011071 9.99777956026 -9.99777956026
41 7.26562603134 7.26823911872 -4.23176088128 9.9977277501 -9.9977277501
42 7.26562644789 7.26822910685 -4.23177089315 9.9977368183 -9.9977368183
43 7.2654567954 7.26817887279 -4.23182112721 9.99763297618 -9.99763297618
44 7.26552657952 7.26817913905 -4.23182086095 9.99769342649 -9.99769342649
45 7.26542000463 7.26814230804 -4.23185769196 9.99763277964 -9.99763277964

