0 -194.97650082 0.129477917819 117.929898431
1 -195.194983268 0.116071330196 117.912330023
2 -195.365119203 0.108751614333 117.908488508
3 -195.50564693 0.101446624994 117.913482599
4 -195.623508599 0.0946647881798 117.926475569
5 -195.725227481 0.0882281159538 117.943667951
6 -195.813806689 0.0820970052963 117.965542597
7 -195.891486592 0.0763342824698 117.991180759
8 -195.959931931 0.070859081456 118.018844598
9 -196.020640045 0.0656588006107 118.047513449
10 -196.074567385 0.0608125112148 118.077463658
11 -196.122496304 0.0561596392577 118.108090061
12 -196.164954085 0.0517389724768 118.138667323
13 -196.202533592 0.0475405440423 118.169092289
14 -196.235722466 0.0435904953126 118.199039728
15 -196.26501825 0.0399451212199 118.228547377
16 -196.266299769 0.0404109712527 118.234159142
17 -196.292062434 0.0370374701442 118.264185547
18 -196.314801508 0.0338750003924 118.292323955
19 -196.334833132 0.0309759296559 118.319013299
20 -196.352473677 0.0283274540372 118.344407747
21 -196.368077254 0.0258698950473 118.36825389
22 -196.381849592 0.0236146192247 118.390525012
23 -196.393977912 0.0215791508008 118.411048702
24 -196.404645437 0.0197407161982 118.429650973



