0 -195.663345195 -2.01518529423e-05 114.821665674
1 -195.834006732 2.65567727771e-06 114.819439271
2 -195.976762717 -3.79147262304e-06 114.851377041
3 -196.100311069 1.96962168875e-06 114.90531387
4 -196.207094722 -3.48861505238e-06 114.969726792
5 -196.300372806 -1.28108680789e-06 115.045766821
6 -196.381037813 7.99346456406e-06 115.128845273
7 -196.451770717 1.55034424211e-07 115.214107451
8 -196.513209012 2.8621004367e-06 115.305139691
9 -196.567619738 -2.21618254842e-06 115.398786923
10 -196.61494136 6.50858037586e-07 115.492988976
11 -196.655992858 -1.33606838482e-07 115.588443859
12 -196.69147647 2.88202179301e-06 115.684728667
13 -196.721220674 -3.3281048229e-06 115.78226901
14 -196.746441257 5.92058985148e-07 115.879413396
15 -196.767326619 3.34331363641e-06 115.976796384
16 -196.767406593 -7.13478908514e-07 115.976872278
17 -196.784942149 -9.0092907812e-07 116.07215322
18 -196.799321064 -1.10431746717e-06 116.166635391
19 -196.811230091 -1.70438429231e-06 116.259729351
20 -196.820560925 -1.10881226588e-06 116.351577862
21 -196.820560925 -1.10881226805e-06 116.351577862
22 -196.827678977 -1.22555272649e-06 116.427607003
23 -196.83305436 -1.4630231531e-06 116.502205124
24 -196.83305436 -1.46302315441e-06 116.502205124
25 -196.837156318 -1.04278875347e-06 116.560911748

