0.352941176471 0.352941176471 2.09331103347e-05 
0.352941176471 0.705882352941 8.23651116056e-05 
0.352941176471 1.05882352941 0.000182309551338 
0.352941176471 1.41176470588 0.000322998259528 
0.352941176471 1.76470588235 0.000511200840681 
0.352941176471 2.11764705882 0.000758817876234 
0.352941176471 2.47058823529 0.00106404590276 
0.352941176471 2.82352941176 0.00140691245944 
0.352941176471 3.17647058824 0.00172993144654 
0.352941176471 3.52941176471 0.00196297099226 
0.352941176471 3.88235294118 0.00202214509957 
0.352941176471 4.23529411765 0.00186460506494 
0.352941176471 4.58823529412 0.00150045767013 
0.352941176471 4.94117647059 0.00100635307719 
0.352941176471 5.29411764706 0.000506510837416 
0.352941176471 5.64705882353 0.00013634868224 
0.705882352941 0.352941176471 7.87169943888e-05 
0.705882352941 0.705882352941 0.000307400753785 
0.705882352941 1.05882352941 0.000673242701946 
0.705882352941 1.41176470588 0.00117853125738 
0.705882352941 1.76470588235 0.00184744517028 
0.705882352941 2.11764705882 0.00272452850415 
0.705882352941 2.47058823529 0.00381281303532 
0.705882352941 2.82352941176 0.00504813027704 
0.705882352941 3.17647058824 0.00622718594901 
0.705882352941 3.52941176471 0.0070944794947 
0.705882352941 3.88235294118 0.00733755620267 
0.705882352941 4.23529411765 0.00678917527564 
0.705882352941 4.58823529412 0.0054801440366 
0.705882352941 4.94117647059 0.00368335913988 
0.705882352941 5.29411764706 0.00185696502378 
0.705882352941 5.64705882353 0.000500280732948 
1.05882352941 0.352941176471 0.000162894916736 
1.05882352941 0.705882352941 0.000628156334145 
1.05882352941 1.05882352941 0.00134901128264 
1.05882352941 1.41176470588 0.00230845383573 
1.05882352941 1.76470588235 0.00354514482266 
1.05882352941 2.11764705882 0.00515186988486 
1.05882352941 2.47058823529 0.00716112457727 
1.05882352941 2.82352941176 0.00948403340635 
1.05882352941 3.17647058824 0.0117505641803 
1.05882352941 3.52941176471 0.0134734091114 
1.05882352941 3.88235294118 0.0140269051222 
1.05882352941 4.23529411765 0.0130551257807 
1.05882352941 4.58823529412 0.0105921095543 
1.05882352941 4.94117647059 0.00714598628678 
1.05882352941 5.29411764706 0.00361203922005 
1.05882352941 5.64705882353 0.00097460945604 
1.41176470588 0.352941176471 0.000267551054297 
1.41176470588 0.705882352941 0.00101329950426 
1.41176470588 1.05882352941 0.0021151723597 
1.41176470588 1.41176470588 0.00348597781273 
1.41176470588 1.76470588235 0.00516114230123 
1.41176470588 2.11764705882 0.00727347687075 
1.41176470588 2.47058823529 0.00993842521923 
1.41176470588 2.82352941176 0.0130992879614 
1.41176470588 3.17647058824 0.0162872965201 
1.41176470588 3.52941176471 0.0188280711784 
1.41176470588 3.88235294118 0.0197835591369 
1.41176470588 4.23529411765 0.0185678995371 
1.41176470588 4.58823529412 0.0151777322864 
1.41176470588 4.94117647059 0.0102960672776 
1.41176470588 5.29411764706 0.0052260121943 
1.41176470588 5.64705882353 0.00141332555819 
1.76470588235 0.352941176471 0.000399020233455 
1.76470588235 0.705882352941 0.00148346358894 
1.76470588235 1.05882352941 0.00299627372103 
1.76470588235 1.41176470588 0.0047063982732 
1.76470588235 1.76470588235 0.00657958450791 
1.76470588235 2.11764705882 0.00878411055183 
1.76470588235 2.47058823529 0.0115465230721 
1.76470588235 2.82352941176 0.0149418810335 
1.76470588235 3.17647058824 0.018526842531 
1.76470588235 3.52941176471 0.0215771994868 
1.76470588235 3.88235294118 0.0229172425509 
1.76470588235 4.23529411765 0.0217402132677 
1.76470588235 4.58823529412 0.0179348435066 
1.76470588235 4.94117647059 0.0122574470402 
1.76470588235 5.29411764706 0.00625426514241 
1.76470588235 5.64705882353 0.00169697342626 
2.11764705882 0.352941176471 0.000575197571495 
2.11764705882 0.705882352941 0.0021046309743 
2.11764705882 1.05882352941 0.00412299562253 
2.11764705882 1.41176470588 0.0061580686079 
2.11764705882 1.76470588235 0.00803247034349 
2.11764705882 2.11764705882 0.00988314321891 
2.11764705882 2.47058823529 0.0120949665736 
2.11764705882 2.82352941176 0.0149425974093 
2.11764705882 3.17647058824 0.0181819918303 
2.11764705882 3.52941176471 0.0212057684828 
2.11764705882 3.88235294118 0.0227608115028 
2.11764705882 4.23529411765 0.0218603082585 
2.11764705882 4.58823529412 0.018250220343 
2.11764705882 4.94117647059 0.0125904631701 
2.11764705882 5.29411764706 0.00646817208389 
2.11764705882 5.64705882353 0.00176210332839 
2.47058823529 0.352941176471 0.000808943032004 
2.47058823529 0.705882352941 0.00293691119879 
2.47058823529 1.05882352941 0.00565137749042 
2.47058823529 1.41176470588 0.00815345780967 
2.47058823529 1.76470588235 0.0100153973201 
2.47058823529 2.11764705882 0.0112846588271 
2.47058823529 2.47058823529 0.0124614706815 
2.47058823529 2.82352941176 0.0140913157731 
2.47058823529 3.17647058824 0.0162501051107 
2.47058823529 3.52941176471 0.0186193824063 
2.47058823529 3.88235294118 0.0200350870694 
2.47058823529 4.23529411765 0.0194459923125 
2.47058823529 4.58823529412 0.0164285836278 
2.47058823529 4.94117647059 0.0114554898342 
2.47058823529 5.29411764706 0.00593088183672 
2.47058823529 5.64705882353 0.00162365411786 
2.82352941176 0.352941176471 0.00109730861897 
2.82352941176 0.705882352941 0.00397706945888 
2.82352941176 1.05882352941 0.00760560382635 
2.82352941176 1.41176470588 0.0108032609046 
2.82352941176 1.76470588235 0.0128161749977 
2.82352941176 2.11764705882 0.0135255326067 
2.82352941176 2.47058823529 0.0135020344967 
2.82352941176 2.82352941176 0.013542254265 
2.82352941176 3.17647058824 0.0141342478404 
2.82352941176 3.52941176471 0.015298721578 
2.82352941176 3.88235294118 0.0161427437494 
2.82352941176 4.23529411765 0.015672604106 
2.82352941176 4.58823529412 0.0133507003412 
2.82352941176 4.94117647059 0.00939943852443 
2.82352941176 5.29411764706 0.00490500984753 
2.82352941176 5.64705882353 0.00134977104189 
3.17647058824 0.352941176471 0.00140033983688 
3.17647058824 0.705882352941 0.00508943918217 
3.17647058824 1.05882352941 0.00975909435339 
3.17647058824 1.41176470588 0.0138617738698 
3.17647058824 1.76470588235 0.0162855238615 
3.17647058824 2.11764705882 0.0166932520321 
3.17647058824 2.47058823529 0.015634025629 
3.17647058824 2.82352941176 0.0141116776079 
3.17647058824 3.17647058824 0.0130663730811 
3.17647058824 3.52941176471 0.0127011323633 
3.17647058824 3.88235294118 0.0125652210635 
3.17647058824 4.23529411765 0.011878049806 
3.17647058824 4.58823529412 0.010045734061 
3.17647058824 4.94117647059 0.00709436846159 
3.17647058824 5.29411764706 0.00372098359608 
3.17647058824 5.64705882353 0.0010281522734 
3.52941176471 0.352941176471 0.00165260113968 
3.52941176471 0.705882352941 0.00603260355305 
3.52941176471 1.05882352941 0.0116440431813 
3.52941176471 1.41176470588 0.01666985812 
3.52941176471 1.76470588235 0.0196974937973 
3.52941176471 2.11764705882 0.0201675099288 
3.52941176471 2.47058823529 0.0185147442196 
3.52941176471 2.82352941176 0.0158120764672 
3.52941176471 3.17647058824 0.0132416449452 
3.52941176471 3.52941176471 0.0113516401005 
3.52941176471 3.88235294118 0.0100713321716 
3.52941176471 4.23529411765 0.00889674141224 
3.52941176471 4.58823529412 0.00726870319059 
3.52941176471 4.94117647059 0.00507055240821 
3.52941176471 5.29411764706 0.00265062685455 
3.52941176471 5.64705882353 0.000732732846526 
3.88235294118 0.352941176471 0.00176802538645 
3.88235294118 0.705882352941 0.00648384875221 
3.88235294118 1.05882352941 0.0126079221398 
3.88235294118 1.41176470588 0.0182314764115 
3.88235294118 1.76470588235 0.0217836531 
3.88235294118 2.11764705882 0.0225438860329 
3.88235294118 2.47058823529 0.020778992668 
3.88235294118 2.82352941176 0.0175002634629 
3.88235294118 3.17647058824 0.0139360723097 
3.88235294118 3.52941176471 0.0109142601066 
3.88235294118 3.88235294118 0.00865179777417 
3.88235294118 4.23529411765 0.00692855909416 
3.88235294118 4.58823529412 0.00528810512714 
3.88235294118 4.94117647059 0.00355574922213 
3.88235294118 5.29411764706 0.00182578547471 
3.88235294118 5.64705882353 0.000501008184285 
4.23529411765 0.352941176471 0.00168457052894 
4.23529411765 0.705882352941 0.00620289514763 
4.23529411765 1.05882352941 0.0121416637889 
4.23529411765 1.41176470588 0.0177220712659 
4.23529411765 1.76470588235 0.021417409851 
4.23529411765 2.11764705882 0.0224583729208 
4.23529411765 2.47058823529 0.0209452373658 
4.23529411765 2.82352941176 0.0177299657894 
4.23529411765 3.17647058824 0.0139274449794 
4.23529411765 3.52941176471 0.0104474636672 
4.23529411765 3.88235294118 0.00767489671783 
4.23529411765 4.23529411765 0.0056198913938 
4.23529411765 4.58823529412 0.00395429850574 
4.23529411765 4.94117647059 0.00251693347855 
4.23529411765 5.29411764706 0.00125009104325 
4.23529411765 5.64705882353 0.000337635593471 
4.58823529412 0.352941176471 0.0013927773527 
4.58823529412 0.705882352941 0.0051446853399 
4.58823529412 1.05882352941 0.0101249337468 
4.58823529412 1.41176470588 0.014894031636 
4.58823529412 1.76470588235 0.0181712120106 
4.58823529412 2.11764705882 0.019286402372 
4.58823529412 2.47058823529 0.0182196181406 
4.58823529412 2.82352941176 0.0156009377115 
4.58823529412 3.17647058824 0.0122796085861 
4.58823529412 3.52941176471 0.00909791305505 
4.58823529412 3.88235294118 0.006441961415 
4.58823529412 4.23529411765 0.00445353079279 
4.58823529412 4.58823529412 0.00293442898639 
4.58823529412 4.94117647059 0.00176552008907 
4.58823529412 5.29411764706 0.000841648273825 
4.58823529412 5.64705882353 0.000222301797054 
4.94117647059 0.352941176471 0.000954973287297 
4.94117647059 0.705882352941 0.00353609640049 
4.94117647059 1.05882352941 0.00698641080457 
4.94117647059 1.41176470588 0.010337392165 
4.94117647059 1.76470588235 0.0127058822329 
4.94117647059 2.11764705882 0.0136112852691 
4.94117647059 2.47058823529 0.0129906426649 
4.94117647059 2.82352941176 0.0112393473266 
4.94117647059 3.17647058824 0.00890964938242 
4.94117647059 3.52941176471 0.00659801364849 
4.94117647059 3.88235294118 0.0046072993669 
4.94117647059 4.23529411765 0.00309327898804 
4.94117647059 4.58823529412 0.0019549291797 
4.94117647059 4.94117647059 0.00112884811742 
4.94117647059 5.29411764706 0.000520535402592 
4.94117647059 5.64705882353 0.000134783765672 
5.29411764706 0.352941176471 0.000488317892377 
5.29411764706 0.705882352941 0.00181113265915 
5.29411764706 1.05882352941 0.00358865894389 
5.29411764706 1.41176470588 0.00533198661338 
5.29411764706 1.76470588235 0.00658800952266 
5.29411764706 2.11764705882 0.00710481575876 
5.29411764706 2.47058823529 0.0068331283121 
5.29411764706 2.82352941176 0.00596147920621 
5.29411764706 3.17647058824 0.00476001692792 
5.29411764706 3.52941176471 0.0035382432301 
5.29411764706 3.88235294118 0.00246391827235 
5.29411764706 4.23529411765 0.00163348613471 
5.29411764706 4.58823529412 0.00101039236687 
5.29411764706 4.94117647059 0.00056883143337 
5.29411764706 5.29411764706 0.000256577513943 
5.29411764706 5.64705882353 6.54607723415e-05 
5.64705882353 0.352941176471 0.000132763126598 
5.64705882353 0.705882352941 0.00049290896456 
5.64705882353 1.05882352941 0.000978217670619 
5.64705882353 1.41176470588 0.00145694106136 
5.64705882353 1.76470588235 0.00180564747097 
5.64705882353 2.11764705882 0.00195485683801 
5.64705882353 2.47058823529 0.00188852113743 
5.64705882353 2.82352941176 0.00165576719883 
5.64705882353 3.17647058824 0.00132810302755 
5.64705882353 3.52941176471 0.000990272694451 
5.64705882353 3.88235294118 0.000689519105568 
5.64705882353 4.23529411765 0.000454904608633 
5.64705882353 4.58823529412 0.000278580306684 
5.64705882353 4.94117647059 0.000154885287128 
5.64705882353 5.29411764706 6.90620492844e-05 
5.64705882353 5.64705882353 1.74800609064e-05 
