0.333333333333 0.333333333333 0.0129736272352 
0.333333333333 0.666666666667 0.0321032701121 
0.333333333333 1.0 0.0312788233763 
0.333333333333 1.33333333333 0.0234714404873 
0.333333333333 1.66666666667 0.0302179852257 
0.333333333333 2.0 0.0411693235101 
0.333333333333 2.33333333333 0.0330181671625 
0.333333333333 2.66666666667 0.0112971191764 
0.666666666667 0.333333333333 0.0379613233144 
0.666666666667 0.666666666667 0.0940876514441 
0.666666666667 1.0 0.0915076198442 
0.666666666667 1.33333333333 0.0658782099589 
0.666666666667 1.66666666667 0.0797574310616 
0.666666666667 2.0 0.107581747794 
0.666666666667 2.33333333333 0.0867069789052 
0.666666666667 2.66666666667 0.0297654851705 
1.0 0.333333333333 0.0470573491624 
1.0 0.666666666667 0.116817351232 
1.0 1.0 0.113755507783 
1.0 1.33333333333 0.0780856001981 
1.0 1.66666666667 0.0861611009904 
1.0 2.0 0.114125614205 
1.0 2.33333333333 0.0936168242098 
1.0 2.66666666667 0.0326076162737 
1.33333333333 0.333333333333 0.0330624657155 
1.33333333333 0.666666666667 0.0836525645444 
1.33333333333 1.0 0.0852889069223 
1.33333333333 1.33333333333 0.058129305161 
1.33333333333 1.66666666667 0.0582522501072 
1.33333333333 2.0 0.0810158344753 
1.33333333333 2.33333333333 0.0724092438676 
1.33333333333 2.66666666667 0.0267941657877 
1.66666666667 0.333333333333 0.0239630234926 
1.66666666667 0.666666666667 0.0666884447234 
1.66666666667 1.0 0.0789387223912 
1.66666666667 1.33333333333 0.0579570662296 
1.66666666667 1.66666666667 0.0559971380853 
1.66666666667 2.0 0.0851166702005 
1.66666666667 2.33333333333 0.0844333704331 
1.66666666667 2.66666666667 0.0332135673633 
2.0 0.333333333333 0.0301692447239 
2.0 0.666666666667 0.0898178079842 
2.0 1.0 0.114993452459 
2.0 1.33333333333 0.0876888646449 
2.0 1.66666666667 0.0789782453761 
2.0 2.0 0.114441943875 
2.0 2.33333333333 0.113462198666 
2.0 2.66666666667 0.0446263523415 
2.33333333333 0.333333333333 0.0297990782147 
2.33333333333 0.666666666667 0.0885691829806 
2.33333333333 1.0 0.112991880341 
2.33333333333 1.33333333333 0.0853186966276 
2.33333333333 1.66666666667 0.0723780237436 
2.33333333333 2.0 0.0979442379439 
2.33333333333 2.33333333333 0.094731716309 
2.33333333333 2.66666666667 0.0368881568773 
2.66666666667 0.333333333333 0.0116800020089 
2.66666666667 0.666666666667 0.0345764236312 
2.66666666667 1.0 0.044033054359 
2.66666666667 1.33333333333 0.0331896328937 
2.66666666667 1.66666666667 0.027140716281 
2.66666666667 2.0 0.0351018757288 
2.66666666667 2.33333333333 0.0334007667702 
2.66666666667 2.66666666667 0.0129274955669 
