0.230769230769 0.230769230769 0.6453951129574647
0.230769230769 0.461538461538 0.4484421823931817
0.230769230769 0.692307692308 1.2654255693053371
0.230769230769 0.923076923077 0.8829658966063941
0.230769230769 1.15384615385 0.3372266477657063
0.230769230769 1.38461538462 1.1067299298443105
0.230769230769 1.61538461538 1.106729929844311
0.230769230769 1.84615384615 0.3372266477657065
0.230769230769 2.07692307692 0.8829658966063931
0.230769230769 2.30769230769 1.2654255693053371
0.230769230769 2.53846153846 0.44844218239318334
0.230769230769 2.76923076923 0.6453951129574649
0.461538461538 0.230769230769 0.4484421823931817
0.461538461538 0.461538461538 0.25148925182889864
0.461538461538 0.692307692308 1.0684726387410541
0.461538461538 0.923076923077 0.6860129660421111
0.461538461538 1.15384615385 0.14027371720142334
0.461538461538 1.38461538462 0.9097769992800274
0.461538461538 1.61538461538 0.9097769992800279
0.461538461538 1.84615384615 0.14027371720142345
0.461538461538 2.07692307692 0.6860129660421102
0.461538461538 2.30769230769 1.068472638741054
0.461538461538 2.53846153846 0.2514892518289003
0.461538461538 2.76923076923 0.4484421823931819
0.692307692308 0.230769230769 1.2654255693053371
0.692307692308 0.461538461538 1.0684726387410541
0.692307692308 0.692307692308 1.8854560256532098
0.692307692308 0.923076923077 1.5029963529542667
0.692307692308 1.15384615385 0.9572571041135789
0.692307692308 1.38461538462 1.726760386192183
0.692307692308 1.61538461538 1.7267603861921834
0.692307692308 1.84615384615 0.957257104113579
0.692307692308 2.07692307692 1.5029963529542658
0.692307692308 2.30769230769 1.8854560256532096
0.692307692308 2.53846153846 1.068472638741056
0.692307692308 2.76923076923 1.2654255693053376
0.923076923077 0.230769230769 0.8829658966063941
0.923076923077 0.461538461538 0.6860129660421111
0.923076923077 0.692307692308 1.5029963529542667
0.923076923077 0.923076923077 1.1205366802553236
0.923076923077 1.15384615385 0.5747974314146358
0.923076923077 1.38461538462 1.3443007134932399
0.923076923077 1.61538461538 1.3443007134932403
0.923076923077 1.84615384615 0.5747974314146359
0.923076923077 2.07692307692 1.1205366802553227
0.923076923077 2.30769230769 1.5029963529542665
0.923076923077 2.53846153846 0.6860129660421128
0.923076923077 2.76923076923 0.8829658966063944
1.15384615385 0.230769230769 0.3372266477657063
1.15384615385 0.461538461538 0.14027371720142334
1.15384615385 0.692307692308 0.9572571041135789
1.15384615385 0.923076923077 0.5747974314146358
1.15384615385 1.15384615385 0.029058182573948044
1.15384615385 1.38461538462 0.7985614646525521
1.15384615385 1.61538461538 0.7985614646525525
1.15384615385 1.84615384615 0.02905818257394816
1.15384615385 2.07692307692 0.5747974314146348
1.15384615385 2.30769230769 0.9572571041135787
1.15384615385 2.53846153846 0.140273717201425
1.15384615385 2.76923076923 0.33722664776570654
1.38461538462 0.230769230769 1.1067299298443105
1.38461538462 0.461538461538 0.9097769992800274
1.38461538462 0.692307692308 1.726760386192183
1.38461538462 0.923076923077 1.3443007134932399
1.38461538462 1.15384615385 0.7985614646525521
1.38461538462 1.38461538462 1.5680647467311561
1.38461538462 1.61538461538 1.5680647467311566
1.38461538462 1.84615384615 0.7985614646525522
1.38461538462 2.07692307692 1.3443007134932388
1.38461538462 2.30769230769 1.7267603861921828
1.38461538462 2.53846153846 0.9097769992800291
1.38461538462 2.76923076923 1.1067299298443105
1.61538461538 0.230769230769 1.106729929844311
1.61538461538 0.461538461538 0.9097769992800279
1.61538461538 0.692307692308 1.7267603861921834
1.61538461538 0.923076923077 1.3443007134932403
1.61538461538 1.15384615385 0.7985614646525525
1.61538461538 1.38461538462 1.5680647467311566
1.61538461538 1.61538461538 1.568064746731157
1.61538461538 1.84615384615 0.7985614646525526
1.61538461538 2.07692307692 1.3443007134932392
1.61538461538 2.30769230769 1.7267603861921832
1.61538461538 2.53846153846 0.9097769992800295
1.61538461538 2.76923076923 1.106729929844311
1.84615384615 0.230769230769 0.3372266477657065
1.84615384615 0.461538461538 0.14027371720142345
1.84615384615 0.692307692308 0.957257104113579
1.84615384615 0.923076923077 0.5747974314146359
1.84615384615 1.15384615385 0.02905818257394816
1.84615384615 1.38461538462 0.7985614646525522
1.84615384615 1.61538461538 0.7985614646525526
1.84615384615 1.84615384615 0.029058182573948276
1.84615384615 2.07692307692 0.5747974314146349
1.84615384615 2.30769230769 0.9572571041135788
1.84615384615 2.53846153846 0.14027371720142512
1.84615384615 2.76923076923 0.3372266477657067
2.07692307692 0.230769230769 0.8829658966063931
2.07692307692 0.461538461538 0.6860129660421102
2.07692307692 0.692307692308 1.5029963529542658
2.07692307692 0.923076923077 1.1205366802553227
2.07692307692 1.15384615385 0.5747974314146348
2.07692307692 1.38461538462 1.3443007134932388
2.07692307692 1.61538461538 1.3443007134932392
2.07692307692 1.84615384615 0.5747974314146349
2.07692307692 2.07692307692 1.1205366802553216
2.07692307692 2.30769230769 1.5029963529542654
2.07692307692 2.53846153846 0.6860129660421118
2.07692307692 2.76923076923 0.8829658966063934
2.30769230769 0.230769230769 1.2654255693053371
2.30769230769 0.461538461538 1.068472638741054
2.30769230769 0.692307692308 1.8854560256532096
2.30769230769 0.923076923077 1.5029963529542665
2.30769230769 1.15384615385 0.9572571041135787
2.30769230769 1.38461538462 1.7267603861921828
2.30769230769 1.61538461538 1.7267603861921832
2.30769230769 1.84615384615 0.9572571041135788
2.30769230769 2.07692307692 1.5029963529542654
2.30769230769 2.30769230769 1.8854560256532094
2.30769230769 2.53846153846 1.0684726387410557
2.30769230769 2.76923076923 1.2654255693053371
2.53846153846 0.230769230769 0.44844218239318334
2.53846153846 0.461538461538 0.2514892518289003
2.53846153846 0.692307692308 1.068472638741056
2.53846153846 0.923076923077 0.6860129660421128
2.53846153846 1.15384615385 0.140273717201425
2.53846153846 1.38461538462 0.9097769992800291
2.53846153846 1.61538461538 0.9097769992800295
2.53846153846 1.84615384615 0.14027371720142512
2.53846153846 2.07692307692 0.6860129660421118
2.53846153846 2.30769230769 1.0684726387410557
2.53846153846 2.53846153846 0.25148925182890197
2.53846153846 2.76923076923 0.44844218239318356
2.76923076923 0.230769230769 0.6453951129574649
2.76923076923 0.461538461538 0.4484421823931819
2.76923076923 0.692307692308 1.2654255693053376
2.76923076923 0.923076923077 0.8829658966063944
2.76923076923 1.15384615385 0.33722664776570654
2.76923076923 1.38461538462 1.1067299298443105
2.76923076923 1.61538461538 1.106729929844311
2.76923076923 1.84615384615 0.3372266477657067
2.76923076923 2.07692307692 0.8829658966063934
2.76923076923 2.30769230769 1.2654255693053371
2.76923076923 2.53846153846 0.44844218239318356
2.76923076923 2.76923076923 0.6453951129574651

