0.333333333333 0.333333333333 0.0603073792141 
0.333333333333 0.666666666667 0.913175911167 
0.333333333333 1.0 0.280153689607 
0.333333333333 1.33333333333 0.616977778441 
0.333333333333 1.66666666667 0.616977778441 
0.333333333333 2.0 0.280153689607 
0.333333333333 2.33333333333 0.913175911167 
0.333333333333 2.66666666667 0.0603073792141 
0.666666666667 0.333333333333 0.913175911167 
0.666666666667 0.666666666667 1.76604444312 
0.666666666667 1.0 1.13302222156 
0.666666666667 1.33333333333 1.46984631039 
0.666666666667 1.66666666667 1.46984631039 
0.666666666667 2.0 1.13302222156 
0.666666666667 2.33333333333 1.76604444312 
0.666666666667 2.66666666667 0.913175911167 
1.0 0.333333333333 0.280153689607 
1.0 0.666666666667 1.13302222156 
1.0 1.0 0.5 
1.0 1.33333333333 0.836824088833 
1.0 1.66666666667 0.836824088833 
1.0 2.0 0.5 
1.0 2.33333333333 1.13302222156 
1.0 2.66666666667 0.280153689607 
1.33333333333 0.333333333333 0.616977778441 
1.33333333333 0.666666666667 1.46984631039 
1.33333333333 1.0 0.836824088833 
1.33333333333 1.33333333333 1.17364817767 
1.33333333333 1.66666666667 1.17364817767 
1.33333333333 2.0 0.836824088833 
1.33333333333 2.33333333333 1.46984631039 
1.33333333333 2.66666666667 0.616977778441 
1.66666666667 0.333333333333 0.616977778441 
1.66666666667 0.666666666667 1.46984631039 
1.66666666667 1.0 0.836824088833 
1.66666666667 1.33333333333 1.17364817767 
1.66666666667 1.66666666667 1.17364817767 
1.66666666667 2.0 0.836824088833 
1.66666666667 2.33333333333 1.46984631039 
1.66666666667 2.66666666667 0.616977778441 
2.0 0.333333333333 0.280153689607 
2.0 0.666666666667 1.13302222156 
2.0 1.0 0.5 
2.0 1.33333333333 0.836824088833 
2.0 1.66666666667 0.836824088833 
2.0 2.0 0.5 
2.0 2.33333333333 1.13302222156 
2.0 2.66666666667 0.280153689607 
2.33333333333 0.333333333333 0.913175911167 
2.33333333333 0.666666666667 1.76604444312 
2.33333333333 1.0 1.13302222156 
2.33333333333 1.33333333333 1.46984631039 
2.33333333333 1.66666666667 1.46984631039 
2.33333333333 2.0 1.13302222156 
2.33333333333 2.33333333333 1.76604444312 
2.33333333333 2.66666666667 0.913175911167 
2.66666666667 0.333333333333 0.0603073792141 
2.66666666667 0.666666666667 0.913175911167 
2.66666666667 1.0 0.280153689607 
2.66666666667 1.33333333333 0.616977778441 
2.66666666667 1.66666666667 0.616977778441 
2.66666666667 2.0 0.280153689607 
2.66666666667 2.33333333333 0.913175911167 
2.66666666667 2.66666666667 0.0603073792141 
