4 63.196601125
5 64.9385127826
6 66.0131522545
7 66.7205915238
8 67.2101865128
9 67.5626913479
10 67.8247462107
11 68.0247697963
12 68.1808604592
13 68.3049790564
14 68.4052830702
15 68.4874886549
16 68.5556965524
17 68.612909875
18 68.6613683218
19 68.7027695355
20 68.7384191049
21 68.7693343189
22 68.7963172667
23 68.8200072071
24 68.8409186599
25 68.8594694983
26 68.8760019314
27 68.8907983611
28 68.9040934947
29 68.9160836905
30 68.926934235
31 68.9367850602
32 68.9457552693
33 68.9539467485
34 68.9614470684
35 68.9683318309
36 68.9746665797
37 68.9805083631
38 68.9859070227
39 68.9909062575
40 68.9955445113
41 68.9998557121
42 69.0038698948
43 69.0076137243
44 69.0111109398
45 69.0143827312
46 69.0174480609
47 69.020323939
48 69.0230256594
49 69.0255670035

