4 40.44582472
5 45.0961894323
6 48.4994587992
7 51.0829528854
8 53.104344899
9 54.7257799918
10 56.0535092651
11 57.1597023983
12 58.0949343558
13 58.8956196966
14 59.5886021411
15 60.1940818256
16 60.7275374305
17 61.2010214626
18 61.6240535631
19 62.0042495058
20 62.3477724308
21 62.6596620551
22 62.9440785578
23 63.2044857857
24 63.443790637
25 63.6644503497
26 63.8685559748
27 64.0578979659
28 64.2340181925
29 64.3982515374
30 64.5517594293
31 64.6955570731
32 64.8305357169
33 64.9574809767
34 65.077088009
35 65.1899741458
36 65.2966894721
37 65.3977257266
38 65.4935238269
39 65.5844802611
40 65.670952539
41 65.7532638617
42 65.831707136
43 65.9065484382
44 65.9780300145
45 66.0463728878
46 66.1117791294
47 66.1744338461
48 66.2345069218
49 66.2921545502

