0.666666666667 0.666666666667 0.0242191011147 
0.666666666667 1.33333333333 0.059621118437 
0.666666666667 2.0 0.0682240516047 
0.666666666667 2.66666666667 0.0648757917029 
0.666666666667 3.33333333333 0.0649518269535 
0.666666666667 4.0 0.0679969136654 
0.666666666667 4.66666666667 0.0589531069958 
0.666666666667 5.33333333333 0.0238660074177 
1.33333333333 0.666666666667 0.0589548401148 
1.33333333333 1.33333333333 0.132919155869 
1.33333333333 2.0 0.133958855905 
1.33333333333 2.66666666667 0.121011043913 
1.33333333333 3.33333333333 0.121357168822 
1.33333333333 4.0 0.133700998205 
1.33333333333 4.66666666667 0.131610037379 
1.33333333333 5.33333333333 0.0582518663722 
2.0 0.666666666667 0.067053303333 
2.0 1.33333333333 0.13208964622 
2.0 2.0 0.110708185232 
2.0 2.66666666667 0.105182520803 
2.0 3.33333333333 0.105475030111 
2.0 4.0 0.110509237092 
2.0 4.66666666667 0.1313675543 
2.0 5.33333333333 0.0667800993241 
2.66666666667 0.666666666667 0.0658013090105 
2.66666666667 1.33333333333 0.121937562806 
2.66666666667 2.0 0.104560593204 
2.66666666667 2.66666666667 0.128577476366 
2.66666666667 3.33333333333 0.128358446796 
2.66666666667 4.0 0.104099428292 
2.66666666667 4.66666666667 0.122267924985 
2.66666666667 5.33333333333 0.0663267899049 
3.33333333333 0.666666666667 0.0679724435093 
3.33333333333 1.33333333333 0.125909704383 
3.33333333333 2.0 0.105571472005 
3.33333333333 2.66666666667 0.126409552555 
3.33333333333 3.33333333333 0.126372163844 
3.33333333333 4.0 0.105386276505 
3.33333333333 4.66666666667 0.126460527052 
3.33333333333 5.33333333333 0.0685928660158 
4.0 0.666666666667 0.0687680268711 
4.0 1.33333333333 0.134115107831 
4.0 2.0 0.110008716632 
4.0 2.66666666667 0.104832461585 
4.0 3.33333333333 0.105344724206 
4.0 4.0 0.110015491141 
4.0 4.66666666667 0.133442731256 
4.0 5.33333333333 0.0685263177539 
4.66666666667 0.666666666667 0.0572398002123 
4.66666666667 1.33333333333 0.128031609148 
4.66666666667 2.0 0.131396077169 
4.66666666667 2.66666666667 0.127180516918 
4.66666666667 3.33333333333 0.127762005397 
4.66666666667 4.0 0.131290757904 
4.66666666667 4.66666666667 0.1266033086 
4.66666666667 5.33333333333 0.0564707362747 
5.33333333333 0.666666666667 0.0228102534826 
5.33333333333 1.33333333333 0.0563286685719 
5.33333333333 2.0 0.0672384788594 
5.33333333333 2.66666666667 0.0694831726529 
5.33333333333 3.33333333333 0.0696889401574 
5.33333333333 4.0 0.0671409201652 
5.33333333333 4.66666666667 0.0556401417055 
5.33333333333 5.33333333333 0.0224301712579 
