0.352941176471 0.352941176471 8.1486275041e-05 
0.352941176471 0.705882352941 0.000289028200133 
0.352941176471 1.05882352941 0.000530307277961 
0.352941176471 1.41176470588 0.000705042340847 
0.352941176471 1.76470588235 0.00075295952998 
0.352941176471 2.11764705882 0.000685738011854 
0.352941176471 2.47058823529 0.000573048849856 
0.352941176471 2.82352941176 0.000503778145036 
0.352941176471 3.17647058824 0.000532587523787 
0.352941176471 3.52941176471 0.000654469575232 
0.352941176471 3.88235294118 0.000799485341478 
0.352941176471 4.23529411765 0.000873136808092 
0.352941176471 4.58823529412 0.000806077697174 
0.352941176471 4.94117647059 0.000599661902301 
0.352941176471 5.29411764706 0.000323935054769 
0.352941176471 5.64705882353 9.08710992312e-05 
0.705882352941 0.352941176471 0.000313171160577 
0.705882352941 0.705882352941 0.00111075336998 
0.705882352941 1.05882352941 0.0020389133491 
0.705882352941 1.41176470588 0.00271163940056 
0.705882352941 1.76470588235 0.00289892794083 
0.705882352941 2.11764705882 0.002641605462 
0.705882352941 2.47058823529 0.00220767880055 
0.705882352941 2.82352941176 0.00193630300576 
0.705882352941 3.17647058824 0.00203970702661 
0.705882352941 3.52941176471 0.00249833351243 
0.705882352941 3.88235294118 0.00304772600456 
0.705882352941 4.23529411765 0.0033263840812 
0.705882352941 4.58823529412 0.00307211370097 
0.705882352941 4.94117647059 0.00228538290184 
0.705882352941 5.29411764706 0.00123474510947 
0.705882352941 5.64705882353 0.000346374161525 
1.05882352941 0.352941176471 0.000660396740658 
1.05882352941 0.705882352941 0.00234353071099 
1.05882352941 1.05882352941 0.00430311560569 
1.05882352941 1.41176470588 0.00572583202007 
1.05882352941 1.76470588235 0.00612974590964 
1.05882352941 2.11764705882 0.00559166053007 
1.05882352941 2.47058823529 0.00467127250814 
1.05882352941 2.82352941176 0.00408268200794 
1.05882352941 3.17647058824 0.00427601072448 
1.05882352941 3.52941176471 0.00521281994392 
1.05882352941 3.88235294118 0.00634360839466 
1.05882352941 4.23529411765 0.00691767128572 
1.05882352941 4.58823529412 0.006392738965 
1.05882352941 4.94117647059 0.0047565670231 
1.05882352941 5.29411764706 0.00256923221854 
1.05882352941 5.64705882353 0.00072078020077 
1.41176470588 0.352941176471 0.0010736782476 
1.41176470588 0.705882352941 0.00381039103414 
1.41176470588 1.05882352941 0.00700386743433 
1.41176470588 1.41176470588 0.00932866386179 
1.41176470588 1.76470588235 0.010003195277 
1.41176470588 2.11764705882 0.00913596650174 
1.41176470588 2.47058823529 0.00763082702072 
1.41176470588 2.82352941176 0.00663750184328 
1.41176470588 3.17647058824 0.00689951240318 
1.41176470588 3.52941176471 0.00835862387721 
1.41176470588 3.88235294118 0.0101467915894 
1.41176470588 4.23529411765 0.0110540363188 
1.41176470588 4.58823529412 0.0102161755668 
1.41176470588 4.94117647059 0.00760003369342 
1.41176470588 5.29411764706 0.00410650515643 
1.41176470588 5.64705882353 0.00115207786079 
1.76470588235 0.352941176471 0.0015002932399 
1.76470588235 0.705882352941 0.00532851525111 
1.76470588235 1.05882352941 0.00979878994495 
1.76470588235 1.41176470588 0.013075422918 
1.76470588235 1.76470588235 0.0140319664308 
1.76470588235 2.11764705882 0.0128373718001 
1.76470588235 2.47058823529 0.0107123453109 
1.76470588235 2.82352941176 0.00926872802502 
1.76470588235 3.17647058824 0.00954899219189 
1.76470588235 3.52941176471 0.0114957657286 
1.76470588235 3.88235294118 0.0139107284287 
1.76470588235 4.23529411765 0.015153524602 
1.76470588235 4.58823529412 0.0139916161535 
1.76470588235 4.94117647059 0.0104135356831 
1.76470588235 5.29411764706 0.00562656167105 
1.76470588235 5.64705882353 0.00157849457397 
2.11764705882 0.352941176471 0.00186631541647 
2.11764705882 0.705882352941 0.00662870276374 
2.11764705882 1.05882352941 0.0122089418564 
2.11764705882 1.41176470588 0.016310820467 
2.11764705882 1.76470588235 0.0175519387995 
2.11764705882 2.11764705882 0.0160905508121 
2.11764705882 2.47058823529 0.013435451781 
2.11764705882 2.82352941176 0.0115598376993 
2.11764705882 3.17647058824 0.011784180377 
2.11764705882 3.52941176471 0.0140505358211 
2.11764705882 3.88235294118 0.0169323184571 
2.11764705882 4.23529411765 0.0184125038969 
2.11764705882 4.58823529412 0.0170132064229 
2.11764705882 4.94117647059 0.0126630180192 
2.11764705882 5.29411764706 0.00684742768201 
2.11764705882 5.64705882353 0.0019214041969 
2.47058823529 0.352941176471 0.00213453846822 
2.47058823529 0.705882352941 0.00758877470423 
2.47058823529 1.05882352941 0.0139861385069 
2.47058823529 1.41176470588 0.0187071049256 
2.47058823529 1.76470588235 0.0201793755189 
2.47058823529 2.11764705882 0.0185379124766 
2.47058823529 2.47058823529 0.015481138623 
2.47058823529 2.82352941176 0.0132480410984 
2.47058823529 3.17647058824 0.0133610597882 
2.47058823529 3.52941176471 0.0157781034521 
2.47058823529 3.88235294118 0.0189199764209 
2.47058823529 4.23529411765 0.0205432381545 
2.47058823529 4.58823529412 0.0190075194872 
2.47058823529 4.94117647059 0.014157797584 
2.47058823529 5.29411764706 0.00765596135423 
2.47058823529 5.64705882353 0.00214880752054 
2.82352941176 0.352941176471 0.00227799814749 
2.82352941176 0.705882352941 0.0081009327498 
2.82352941176 1.05882352941 0.0149492105442 
2.82352941176 1.41176470588 0.0200214704429 
2.82352941176 1.76470588235 0.0216384600836 
2.82352941176 2.11764705882 0.0199091857469 
2.82352941176 2.47058823529 0.0166270586368 
2.82352941176 2.82352941176 0.0141540745352 
2.82352941176 3.17647058824 0.0141290361759 
2.82352941176 3.52941176471 0.0165385932158 
2.82352941176 3.88235294118 0.0197623977452 
2.82352941176 4.23529411765 0.0214361090206 
2.82352941176 4.58823529412 0.0198464060651 
2.82352941176 4.94117647059 0.0147898901451 
2.82352941176 5.29411764706 0.00800469749413 
2.82352941176 5.64705882353 0.00224770248275 
3.17647058824 0.352941176471 0.00226636037811 
3.17647058824 0.705882352941 0.00806694323578 
3.17647058824 1.05882352941 0.0148949919494 
3.17647058824 1.41176470588 0.0199899008949 
3.17647058824 1.76470588235 0.0216147169019 
3.17647058824 2.11764705882 0.0199203972927 
3.17647058824 2.47058823529 0.0166352244067 
3.17647058824 2.82352941176 0.0141131808451 
3.17647058824 3.17647058824 0.0139703792966 
3.17647058824 3.52941176471 0.0162484139733 
3.17647058824 3.88235294118 0.0193580856358 
3.17647058824 4.23529411765 0.0209983642515 
3.17647058824 4.58823529412 0.0194146955832 
3.17647058824 4.94117647059 0.0144801799435 
3.17647058824 5.29411764706 0.00784015750427 
3.17647058824 5.64705882353 0.00220288846332 
3.52941176471 0.352941176471 0.0020972971626 
3.52941176471 0.705882352941 0.0074655891145 
3.52941176471 1.05882352941 0.0137977117635 
3.52941176471 1.41176470588 0.0185265055762 
3.52941176471 1.76470588235 0.0200605291884 
3.52941176471 2.11764705882 0.0185055662124 
3.52941176471 2.47058823529 0.0154613421853 
3.52941176471 2.82352941176 0.0130837432012 
3.52941176471 3.17647058824 0.0128769947649 
3.52941176471 3.52941176471 0.014894222754 
3.52941176471 3.88235294118 0.0177015412696 
3.52941176471 4.23529411765 0.0191830903871 
3.52941176471 4.58823529412 0.0177392165784 
3.52941176471 4.94117647059 0.0132323327551 
3.52941176471 5.29411764706 0.00716870125206 
3.52941176471 5.64705882353 0.00201478790796 
3.88235294118 0.352941176471 0.00178590103768 
3.88235294118 0.705882352941 0.00636198530378 
3.88235294118 1.05882352941 0.0117575789175 
3.88235294118 1.41176470588 0.0157911813772 
3.88235294118 1.76470588235 0.0171256244751 
3.88235294118 2.11764705882 0.0158223124216 
3.88235294118 2.47058823529 0.0132318661998 
3.88235294118 2.82352941176 0.011189783451 
3.88235294118 3.17647058824 0.010976758633 
3.88235294118 3.52941176471 0.0126348390723 
3.88235294118 3.88235294118 0.0149655037089 
3.88235294118 4.23529411765 0.0161927087369 
3.88235294118 4.58823529412 0.014979421123 
3.88235294118 4.94117647059 0.0111742429337 
3.88235294118 5.29411764706 0.00605246322595 
3.88235294118 5.64705882353 0.00170076178081 
4.23529411765 0.352941176471 0.00138976568966 
4.23529411765 0.705882352941 0.00494871716781 
4.23529411765 1.05882352941 0.00915599646127 
4.23529411765 1.41176470588 0.0123023821356 
4.23529411765 1.76470588235 0.0133669220032 
4.23529411765 2.11764705882 0.0123650724107 
4.23529411765 2.47058823529 0.0103619379147 
4.23529411765 2.82352941176 0.00876476041778 
4.23529411765 3.17647058824 0.00858091671186 
4.23529411765 3.52941176471 0.00983461907607 
4.23529411765 3.88235294118 0.0116154549983 
4.23529411765 4.23529411765 0.0125448430912 
4.23529411765 4.58823529412 0.0116015455971 
4.23529411765 4.94117647059 0.00865053721062 
4.23529411765 5.29411764706 0.00468652522044 
4.23529411765 5.64705882353 0.0013169550389 
4.58823529412 0.352941176471 0.000978420666293 
4.58823529412 0.705882352941 0.00348696570432 
4.58823529412 1.05882352941 0.00645213437147 
4.58823529412 1.41176470588 0.00868561832538 
4.58823529412 1.76470588235 0.00943789230693 
4.58823529412 2.11764705882 0.00874305289601 
4.58823529412 2.47058823529 0.00732891437126 
4.58823529412 2.82352941176 0.00619783998527 
4.58823529412 3.17647058824 0.00605175836381 
4.58823529412 3.52941176471 0.00691317724651 
4.58823529412 3.88235294118 0.00814457550641 
4.58823529412 4.23529411765 0.00879067192163 
4.58823529412 4.58823529412 0.00811811399349 
4.58823529412 4.94117647059 0.00605368473991 
4.58823529412 5.29411764706 0.00327895546368 
4.58823529412 5.64705882353 0.000921600720725 
4.94117647059 0.352941176471 0.000585863115778 
4.94117647059 0.705882352941 0.00208716398811 
4.94117647059 1.05882352941 0.00386605068441 
4.94117647059 1.41176470588 0.00520442739965 
4.94117647059 1.76470588235 0.0056635103886 
4.94117647059 2.11764705882 0.00525145809332 
4.94117647059 2.47058823529 0.00441183658108 
4.94117647059 2.82352941176 0.00373662788496 
4.94117647059 3.17647058824 0.00365001418102 
4.94117647059 3.52941176471 0.00416058562909 
4.94117647059 3.88235294118 0.00489158866413 
4.94117647059 4.23529411765 0.00527026792935 
4.94117647059 4.58823529412 0.00486301024616 
4.94117647059 4.94117647059 0.00362354333733 
4.94117647059 5.29411764706 0.00196261630713 
4.94117647059 5.64705882353 0.000551563576533 
5.29411764706 0.352941176471 0.000270861492943 
5.29411764706 0.705882352941 0.00096545431818 
5.29411764706 1.05882352941 0.00178760507605 
5.29411764706 1.41176470588 0.00240584575577 
5.29411764706 1.76470588235 0.00262058289763 
5.29411764706 2.11764705882 0.00243290709192 
5.29411764706 2.47058823529 0.00204710790767 
5.29411764706 2.82352941176 0.00173785844059 
5.29411764706 3.17647058824 0.00170013419227 
5.29411764706 3.52941176471 0.0019358697798 
5.29411764706 3.88235294118 0.00227159582567 
5.29411764706 4.23529411765 0.00244366564335 
5.29411764706 4.58823529412 0.0022537584301 
5.29411764706 4.94117647059 0.00167853013293 
5.29411764706 5.29411764706 0.000908666779242 
5.29411764706 5.64705882353 0.000255274983164 
5.64705882353 0.352941176471 6.89875864068e-05 
5.64705882353 0.705882352941 0.000245760434989 
5.64705882353 1.05882352941 0.000455138906341 
5.64705882353 1.41176470588 0.000612432441841 
5.64705882353 1.76470588235 0.000667713612675 
5.64705882353 2.11764705882 0.000620309449291 
5.64705882353 2.47058823529 0.000522947511277 
5.64705882353 2.82352941176 0.000445027261074 
5.64705882353 3.17647058824 0.000436263477974 
5.64705882353 3.52941176471 0.000496603629361 
5.64705882353 3.88235294118 0.000582010640333 
5.64705882353 4.23529411765 0.000625327486607 
5.64705882353 4.58823529412 0.000576419848177 
5.64705882353 4.94117647059 0.000429059599385 
5.64705882353 5.29411764706 0.000232212686779 
5.64705882353 5.64705882353 6.52231843422e-05 
