0.352941176471 0.352941176471 0.000813184057777 
0.352941176471 0.705882352941 0.00273348332909 
0.352941176471 1.05882352941 0.00464533552277 
0.352941176471 1.41176470588 0.00577992403062 
0.352941176471 1.76470588235 0.00628307407295 
0.352941176471 2.11764705882 0.00662364990948 
0.352941176471 2.47058823529 0.00703930734767 
0.352941176471 2.82352941176 0.00706857528787 
0.352941176471 3.17647058824 0.00655705640346 
0.352941176471 3.52941176471 0.00581307975857 
0.352941176471 3.88235294118 0.00598117606832 
0.352941176471 4.23529411765 0.00765056759522 
0.352941176471 4.58823529412 0.00957684450291 
0.352941176471 4.94117647059 0.00944042399759 
0.352941176471 5.29411764706 0.00626437100217 
0.352941176471 5.64705882353 0.00198574418804 
0.705882352941 0.352941176471 0.00288929642381 
0.705882352941 0.705882352941 0.0096573221711 
0.705882352941 1.05882352941 0.0162283356177 
0.705882352941 1.41176470588 0.0198167306911 
0.705882352941 1.76470588235 0.0210379646567 
0.705882352941 2.11764705882 0.0219065214625 
0.705882352941 2.47058823529 0.0233459059179 
0.705882352941 2.82352941176 0.0237657794622 
0.705882352941 3.17647058824 0.0221644932351 
0.705882352941 3.52941176471 0.0195378516212 
0.705882352941 3.88235294118 0.0197413079111 
0.705882352941 4.23529411765 0.0250780723995 
0.705882352941 4.58823529412 0.0316506969937 
0.705882352941 4.94117647059 0.0315082717783 
0.705882352941 5.29411764706 0.0210564616764 
0.705882352941 5.64705882353 0.00670189544071 
1.05882352941 0.352941176471 0.00536441936428 
1.05882352941 0.705882352941 0.0177642245658 
1.05882352941 1.05882352941 0.0292706182155 
1.05882352941 1.41176470588 0.0345576521009 
1.05882352941 1.76470588235 0.035061045877 
1.05882352941 2.11764705882 0.0354605030251 
1.05882352941 2.47058823529 0.0378282962177 
1.05882352941 2.82352941176 0.0391623702461 
1.05882352941 3.17647058824 0.036963428302 
1.05882352941 3.52941176471 0.0324007342464 
1.05882352941 3.88235294118 0.0318631429161 
1.05882352941 4.23529411765 0.0400002483742 
1.05882352941 4.58823529412 0.051372093242 
1.05882352941 4.94117647059 0.0521211947597 
1.05882352941 5.29411764706 0.0352937514129 
1.05882352941 5.64705882353 0.0113124049184 
1.41176470588 0.352941176471 0.00738668180819 
1.41176470588 0.705882352941 0.024149225291 
1.41176470588 1.05882352941 0.0387448042162 
1.41176470588 1.41176470588 0.0434560594796 
1.41176470588 1.76470588235 0.0408789952933 
1.41176470588 2.11764705882 0.0391233629282 
1.41176470588 2.47058823529 0.0408918437014 
1.41176470588 2.82352941176 0.0427933768567 
1.41176470588 3.17647058824 0.041392219911 
1.41176470588 3.52941176471 0.0367565203717 
1.41176470588 3.88235294118 0.035040166879 
1.41176470588 4.23529411765 0.0428393552193 
1.41176470588 4.58823529412 0.0569065628349 
1.41176470588 4.94117647059 0.0596725293361 
1.41176470588 5.29411764706 0.0412299711453 
1.41176470588 5.64705882353 0.0133507923603 
1.76470588235 0.352941176471 0.00850528837721 
1.76470588235 0.705882352941 0.0274389715011 
1.76470588235 1.05882352941 0.0426710987093 
1.76470588235 1.41176470588 0.044897527307 
1.76470588235 1.76470588235 0.0386252287043 
1.76470588235 2.11764705882 0.0338384534582 
1.76470588235 2.47058823529 0.0335687888151 
1.76470588235 2.82352941176 0.0349728442304 
1.76470588235 3.17647058824 0.0362274044951 
1.76470588235 3.52941176471 0.0340960199109 
1.76470588235 3.88235294118 0.0313285611149 
1.76470588235 4.23529411765 0.0354237141053 
1.76470588235 4.58823529412 0.0478959014944 
1.76470588235 4.94117647059 0.0523964752965 
1.76470588235 5.29411764706 0.0370835381868 
1.76470588235 5.64705882353 0.0121545704421 
2.11764705882 0.352941176471 0.00854936822971 
2.11764705882 0.705882352941 0.0273033467434 
2.11764705882 1.05882352941 0.0415496892881 
2.11764705882 1.41176470588 0.0416423960869 
2.11764705882 1.76470588235 0.0326181583053 
2.11764705882 2.11764705882 0.0255783008025 
2.11764705882 2.47058823529 0.0239011444488 
2.11764705882 2.82352941176 0.0261661321148 
2.11764705882 3.17647058824 0.0305316470906 
2.11764705882 3.52941176471 0.0310596669604 
2.11764705882 3.88235294118 0.0278672789204 
2.11764705882 4.23529411765 0.0276627494128 
2.11764705882 4.58823529412 0.0341701611441 
2.11764705882 4.94117647059 0.0368679098883 
2.11764705882 5.29411764706 0.0262672183404 
2.11764705882 5.64705882353 0.00866520925121 
2.47058823529 0.352941176471 0.00761818337174 
2.47058823529 0.705882352941 0.0242949675693 
2.47058823529 1.05882352941 0.036709519341 
2.47058823529 1.41176470588 0.0358839708363 
2.47058823529 1.76470588235 0.0261787955974 
2.47058823529 2.11764705882 0.0185745547185 
2.47058823529 2.47058823529 0.01612188747 
2.47058823529 2.82352941176 0.0186196607714 
2.47058823529 3.17647058824 0.0257461143059 
2.47058823529 3.52941176471 0.0294778396949 
2.47058823529 3.88235294118 0.0268347385979 
2.47058823529 4.23529411765 0.0226877969613 
2.47058823529 4.58823529412 0.0223050852767 
2.47058823529 4.94117647059 0.0214521283117 
2.47058823529 5.29411764706 0.0146646779722 
2.47058823529 5.64705882353 0.00477933963831 
2.82352941176 0.352941176471 0.00581561686497 
2.82352941176 0.705882352941 0.0187062021589 
2.82352941176 1.05882352941 0.0286991139042 
2.82352941176 1.41176470588 0.0285641448921 
2.82352941176 1.76470588235 0.0210573257831 
2.82352941176 2.11764705882 0.015790684388 
2.82352941176 2.47058823529 0.0141228517985 
2.82352941176 2.82352941176 0.016442203693 
2.82352941176 3.17647058824 0.0252371363611 
2.82352941176 3.52941176471 0.0309700482476 
2.82352941176 3.88235294118 0.0281183200357 
2.82352941176 4.23529411765 0.0207815003459 
2.82352941176 4.58823529412 0.0149124965101 
2.82352941176 4.94117647059 0.0106879806951 
2.82352941176 5.29411764706 0.00625893669995 
2.82352941176 5.64705882353 0.00190988098362 
3.17647058824 0.352941176471 0.00402124594113 
3.17647058824 0.705882352941 0.0132513643886 
3.17647058824 1.05882352941 0.0213409893659 
3.17647058824 1.41176470588 0.0234419054339 
3.17647058824 1.76470588235 0.0211286589352 
3.17647058824 2.11764705882 0.0199741892676 
3.17647058824 2.47058823529 0.0207771739895 
3.17647058824 2.82352941176 0.0242659747086 
3.17647058824 3.17647058824 0.0316503561598 
3.17647058824 3.52941176471 0.0350240315844 
3.17647058824 3.88235294118 0.0306941098021 
3.17647058824 4.23529411765 0.0221034831368 
3.17647058824 4.58823529412 0.0142743840905 
3.17647058824 4.94117647059 0.00858665060823 
3.17647058824 5.29411764706 0.00429595005203 
3.17647058824 5.64705882353 0.00119820749808 
3.52941176471 0.352941176471 0.00356955656011 
3.52941176471 0.705882352941 0.0120411729625 
3.52941176471 1.05882352941 0.0203884810123 
3.52941176471 1.41176470588 0.024551006453 
3.52941176471 1.76470588235 0.0251873148126 
3.52941176471 2.11764705882 0.0255906198224 
3.52941176471 2.47058823529 0.0270029263826 
3.52941176471 2.82352941176 0.0300239285978 
3.52941176471 3.17647058824 0.0339496374973 
3.52941176471 3.52941176471 0.034740865905 
3.52941176471 3.88235294118 0.0308211786175 
3.52941176471 4.23529411765 0.0251928912862 
3.52941176471 4.58823529412 0.020259093779 
3.52941176471 4.94117647059 0.0150558815702 
3.52941176471 5.29411764706 0.00862455162672 
3.52941176471 5.64705882353 0.00255736918732 
3.88235294118 0.352941176471 0.00452872215434 
3.88235294118 0.705882352941 0.0153365852339 
3.88235294118 1.05882352941 0.0260924756777 
3.88235294118 1.41176470588 0.0314156490377 
3.88235294118 1.76470588235 0.0311018544719 
3.88235294118 2.11764705882 0.0287922143538 
3.88235294118 2.47058823529 0.0271408974026 
3.88235294118 2.82352941176 0.0271020989579 
3.88235294118 3.17647058824 0.0282632681095 
3.88235294118 3.52941176471 0.0293247159501 
3.88235294118 3.88235294118 0.0298132585549 
3.88235294118 4.23529411765 0.0312178917736 
3.88235294118 4.58823529412 0.0319386844215 
3.88235294118 4.94117647059 0.0275308774453 
3.88235294118 5.29411764706 0.0169124622647 
3.88235294118 5.64705882353 0.00515149481294 
4.23529411765 0.352941176471 0.00639026842165 
4.23529411765 0.705882352941 0.0215604381229 
4.23529411765 1.05882352941 0.0363436709472 
4.23529411765 1.41176470588 0.0427179079378 
4.23529411765 1.76470588235 0.0395995392396 
4.23529411765 2.11764705882 0.0319387413038 
4.23529411765 2.47058823529 0.024447228699 
4.23529411765 2.82352941176 0.0196051295209 
4.23529411765 3.17647058824 0.0189035132214 
4.23529411765 3.52941176471 0.0230274051525 
4.23529411765 3.88235294118 0.0306370035205 
4.23529411765 4.23529411765 0.0405210949236 
4.23529411765 4.58823529412 0.046890363919 
4.23529411765 4.94117647059 0.0423122117073 
4.23529411765 5.29411764706 0.0263041596821 
4.23529411765 5.64705882353 0.00802639959509 
4.58823529412 0.352941176471 0.00773077158152 
4.58823529412 0.705882352941 0.02610503036 
4.58823529412 1.05882352941 0.0440440286457 
4.58823529412 1.41176470588 0.0517497354597 
4.58823529412 1.76470588235 0.0469596530479 
4.58823529412 2.11764705882 0.0349929736251 
4.58823529412 2.47058823529 0.0224048421688 
4.58823529412 2.82352941176 0.0134324838934 
4.58823529412 3.17647058824 0.0115470574621 
4.58823529412 3.52941176471 0.0186852055509 
4.58823529412 3.88235294118 0.032093358339 
4.58823529412 4.23529411765 0.0476413681561 
4.58823529412 4.58823529412 0.0568183945959 
4.58823529412 4.94117647059 0.0511330932707 
4.58823529412 5.29411764706 0.0315016169916 
4.58823529412 5.64705882353 0.00954390245613 
4.94117647059 0.352941176471 0.00714232629435 
4.94117647059 0.705882352941 0.0241982350399 
4.94117647059 1.05882352941 0.0410625120216 
4.94117647059 1.41176470588 0.0486730169902 
4.94117647059 1.76470588235 0.0444615447425 
4.94117647059 2.11764705882 0.0325099705396 
4.94117647059 2.47058823529 0.0192554058915 
4.94117647059 2.82352941176 0.00939857510378 
4.94117647059 3.17647058824 0.00721879993821 
4.94117647059 3.52941176471 0.0149782658077 
4.94117647059 3.88235294118 0.0289985627748 
4.94117647059 4.23529411765 0.0442768915698 
4.94117647059 4.58823529412 0.0523208869346 
4.94117647059 4.94117647059 0.0465413078172 
4.94117647059 5.29411764706 0.0283898871458 
4.94117647059 5.64705882353 0.00854713691964 
5.29411764706 0.352941176471 0.00449755644271 
5.29411764706 0.705882352941 0.0152906576623 
5.29411764706 1.05882352941 0.0261109230443 
5.29411764706 1.41176470588 0.0312273732725 
5.29411764706 1.76470588235 0.0288106119403 
5.29411764706 2.11764705882 0.0211542860959 
5.29411764706 2.47058823529 0.0123279637032 
5.29411764706 2.82352941176 0.00550949251305 
5.29411764706 3.17647058824 0.00398423550103 
5.29411764706 3.52941176471 0.00929569524251 
5.29411764706 3.88235294118 0.0185740813801 
5.29411764706 4.23529411765 0.0282377273016 
5.29411764706 4.58823529412 0.0328940230181 
5.29411764706 4.94117647059 0.0289325324921 
5.29411764706 5.29411764706 0.0175160743466 
5.29411764706 5.64705882353 0.00525069408835 
5.64705882353 0.352941176471 0.00138123040178 
5.64705882353 0.705882352941 0.00470763650765 
5.64705882353 1.05882352941 0.00807229016759 
5.64705882353 1.41176470588 0.0097109002 
5.64705882353 1.76470588235 0.00902476445085 
5.64705882353 2.11764705882 0.00667697482828 
5.64705882353 2.47058823529 0.00389600073553 
5.64705882353 2.82352941176 0.00169681919178 
5.64705882353 3.17647058824 0.00120484246663 
5.64705882353 3.52941176471 0.00290506283354 
5.64705882353 3.88235294118 0.00580744984177 
5.64705882353 4.23529411765 0.00875663328809 
5.64705882353 4.58823529412 0.010096979293 
5.64705882353 4.94117647059 0.00881658345303 
5.64705882353 5.29411764706 0.0053129408206 
5.64705882353 5.64705882353 0.00158863819036 
