0.352941176471 0.352941176471 0.00205989540274 
0.352941176471 0.705882352941 0.00677115479608 
0.352941176471 1.05882352941 0.0104489756732 
0.352941176471 1.41176470588 0.0126464601581 
0.352941176471 1.76470588235 0.0131378175313 
0.352941176471 2.11764705882 0.0130915364583 
0.352941176471 2.47058823529 0.0127884156421 
0.352941176471 2.82352941176 0.0134136507025 
0.352941176471 3.17647058824 0.0144349717426 
0.352941176471 3.52941176471 0.0153559790311 
0.352941176471 3.88235294118 0.0156458881365 
0.352941176471 4.23529411765 0.0159730867644 
0.352941176471 4.58823529412 0.015323282976 
0.352941176471 4.94117647059 0.013183791269 
0.352941176471 5.29411764706 0.00805614775453 
0.352941176471 5.64705882353 0.0026657255064 
0.705882352941 0.352941176471 0.00706983736801 
0.705882352941 0.705882352941 0.0225556974424 
0.705882352941 1.05882352941 0.0331044485224 
0.705882352941 1.41176470588 0.038972518424 
0.705882352941 1.76470588235 0.0396157128395 
0.705882352941 2.11764705882 0.0398087911384 
0.705882352941 2.47058823529 0.0375257763293 
0.705882352941 2.82352941176 0.0392916074872 
0.705882352941 3.17647058824 0.04253921873 
0.705882352941 3.52941176471 0.0453366741824 
0.705882352941 3.88235294118 0.0445062059622 
0.705882352941 4.23529411765 0.0455051286754 
0.705882352941 4.58823529412 0.0445586382193 
0.705882352941 4.94117647059 0.0405045434975 
0.705882352941 5.29411764706 0.0258091854078 
0.705882352941 5.64705882353 0.00873099863006 
1.05882352941 0.352941176471 0.0113347228463 
1.05882352941 0.705882352941 0.0356284772274 
1.05882352941 1.05882352941 0.0486874332003 
1.05882352941 1.41176470588 0.0555170550869 
1.05882352941 1.76470588235 0.0539802005846 
1.05882352941 2.11764705882 0.0528909878303 
1.05882352941 2.47058823529 0.0486600642072 
1.05882352941 2.82352941176 0.0503554431965 
1.05882352941 3.17647058824 0.0550378679633 
1.05882352941 3.52941176471 0.0582960524351 
1.05882352941 3.88235294118 0.0547080143789 
1.05882352941 4.23529411765 0.0563050700999 
1.05882352941 4.58823529412 0.0566567615256 
1.05882352941 4.94117647059 0.0562852009004 
1.05882352941 5.29411764706 0.0375595330283 
1.05882352941 5.64705882353 0.0132720111997 
1.41176470588 0.352941176471 0.0136649678316 
1.41176470588 0.705882352941 0.0401470520327 
1.41176470588 1.05882352941 0.0530756509794 
1.41176470588 1.41176470588 0.0538985717989 
1.41176470588 1.76470588235 0.0510977752249 
1.41176470588 2.11764705882 0.0487217625722 
1.41176470588 2.47058823529 0.0480180331283 
1.41176470588 2.82352941176 0.0473750200087 
1.41176470588 3.17647058824 0.0517828971003 
1.41176470588 3.52941176471 0.0516456074065 
1.41176470588 3.88235294118 0.0475548742898 
1.41176470588 4.23529411765 0.0475790777703 
1.41176470588 4.58823529412 0.0545245130158 
1.41176470588 4.94117647059 0.0578519728764 
1.41176470588 5.29411764706 0.0411905881063 
1.41176470588 5.64705882353 0.0145101915199 
1.76470588235 0.352941176471 0.0141222514721 
1.76470588235 0.705882352941 0.0407310385342 
1.76470588235 1.05882352941 0.050965129559 
1.76470588235 1.41176470588 0.0477236598159 
1.76470588235 1.76470588235 0.044631442713 
1.76470588235 2.11764705882 0.0471407831197 
1.76470588235 2.47058823529 0.0475227215358 
1.76470588235 2.82352941176 0.0488282210584 
1.76470588235 3.17647058824 0.0537584483711 
1.76470588235 3.52941176471 0.0529447770278 
1.76470588235 3.88235294118 0.0458416106116 
1.76470588235 4.23529411765 0.0432476912116 
1.76470588235 4.58823529412 0.0513366582014 
1.76470588235 4.94117647059 0.057485288556 
1.76470588235 5.29411764706 0.0425458780401 
1.76470588235 5.64705882353 0.0152130973026 
2.11764705882 0.352941176471 0.0147149502535 
2.11764705882 0.705882352941 0.0406628974355 
2.11764705882 1.05882352941 0.0485715876522 
2.11764705882 1.41176470588 0.0433875692108 
2.11764705882 1.76470588235 0.0422813955624 
2.11764705882 2.11764705882 0.0461085643659 
2.11764705882 2.47058823529 0.0487100004812 
2.11764705882 2.82352941176 0.0490357547024 
2.11764705882 3.17647058824 0.0538630229474 
2.11764705882 3.52941176471 0.056271961016 
2.11764705882 3.88235294118 0.0504005608245 
2.11764705882 4.23529411765 0.0462664621043 
2.11764705882 4.58823529412 0.0521816027713 
2.11764705882 4.94117647059 0.0575725878718 
2.11764705882 5.29411764706 0.0424414134567 
2.11764705882 5.64705882353 0.01526596611 
2.47058823529 0.352941176471 0.0160170324347 
2.47058823529 0.705882352941 0.0446499336765 
2.47058823529 1.05882352941 0.0524382368058 
2.47058823529 1.41176470588 0.0462561963504 
2.47058823529 1.76470588235 0.0456840911472 
2.47058823529 2.11764705882 0.0499317302307 
2.47058823529 2.47058823529 0.0474107592916 
2.47058823529 2.82352941176 0.0446463472095 
2.47058823529 3.17647058824 0.0480325874277 
2.47058823529 3.52941176471 0.0527841427106 
2.47058823529 3.88235294118 0.0519946767268 
2.47058823529 4.23529411765 0.0501774417332 
2.47058823529 4.58823529412 0.0529080667099 
2.47058823529 4.94117647059 0.0559798584499 
2.47058823529 5.29411764706 0.0407272572368 
2.47058823529 5.64705882353 0.0148186582407 
2.82352941176 0.352941176471 0.0167784393716 
2.82352941176 0.705882352941 0.0461384026527 
2.82352941176 1.05882352941 0.0546687994373 
2.82352941176 1.41176470588 0.0502422175299 
2.82352941176 1.76470588235 0.0484481962123 
2.82352941176 2.11764705882 0.0510895840104 
2.82352941176 2.47058823529 0.0466042375239 
2.82352941176 2.82352941176 0.039802967213 
2.82352941176 3.17647058824 0.041531465998 
2.82352941176 3.52941176471 0.047473141802 
2.82352941176 3.88235294118 0.0504973659151 
2.82352941176 4.23529411765 0.0486010363814 
2.82352941176 4.58823529412 0.0492065629994 
2.82352941176 4.94117647059 0.050952091216 
2.82352941176 5.29411764706 0.0370674019451 
2.82352941176 5.64705882353 0.0134321860146 
3.17647058824 0.352941176471 0.0158274534787 
3.17647058824 0.705882352941 0.043832396302 
3.17647058824 1.05882352941 0.0527280146812 
3.17647058824 1.41176470588 0.0487607323324 
3.17647058824 1.76470588235 0.0474477511801 
3.17647058824 2.11764705882 0.0514278727324 
3.17647058824 2.47058823529 0.0499921973575 
3.17647058824 2.82352941176 0.0466471236357 
3.17647058824 3.17647058824 0.046634884786 
3.17647058824 3.52941176471 0.0529017987864 
3.17647058824 3.88235294118 0.0545851616477 
3.17647058824 4.23529411765 0.051191767492 
3.17647058824 4.58823529412 0.0478337407546 
3.17647058824 4.94117647059 0.0469722130578 
3.17647058824 5.29411764706 0.0337607007927 
3.17647058824 5.64705882353 0.0122913315412 
3.52941176471 0.352941176471 0.0145475743322 
3.52941176471 0.705882352941 0.0395483265102 
3.52941176471 1.05882352941 0.048612416477 
3.52941176471 1.41176470588 0.0440355603149 
3.52941176471 1.76470588235 0.0444820249715 
3.52941176471 2.11764705882 0.0503258324326 
3.52941176471 2.47058823529 0.0540346601879 
3.52941176471 2.82352941176 0.054747176869 
3.52941176471 3.17647058824 0.0548411074833 
3.52941176471 3.52941176471 0.0580375059226 
3.52941176471 3.88235294118 0.0551701788694 
3.52941176471 4.23529411765 0.0493063322842 
3.52941176471 4.58823529412 0.0488032794263 
3.52941176471 4.94117647059 0.0488098254959 
3.52941176471 5.29411764706 0.0342429144249 
3.52941176471 5.64705882353 0.0124806568677 
3.88235294118 0.352941176471 0.0138472649341 
3.88235294118 0.705882352941 0.0390939534312 
3.88235294118 1.05882352941 0.0476399273084 
3.88235294118 1.41176470588 0.0445291102043 
3.88235294118 1.76470588235 0.0418754443637 
3.88235294118 2.11764705882 0.0469888340471 
3.88235294118 2.47058823529 0.0503760013613 
3.88235294118 2.82352941176 0.0552776301044 
3.88235294118 3.17647058824 0.0563733595348 
3.88235294118 3.52941176471 0.0571736284752 
3.88235294118 3.88235294118 0.0485833349205 
3.88235294118 4.23529411765 0.0461838406447 
3.88235294118 4.58823529412 0.0503807464308 
3.88235294118 4.94117647059 0.0527452400933 
3.88235294118 5.29411764706 0.0376115746091 
3.88235294118 5.64705882353 0.0137035351987 
4.23529411765 0.352941176471 0.0140958254547 
4.23529411765 0.705882352941 0.0406060111757 
4.23529411765 1.05882352941 0.052105025526 
4.23529411765 1.41176470588 0.0484253023488 
4.23529411765 1.76470588235 0.0427597723622 
4.23529411765 2.11764705882 0.0427155472849 
4.23529411765 2.47058823529 0.043920368248 
4.23529411765 2.82352941176 0.045818158181 
4.23529411765 3.17647058824 0.0489141757468 
4.23529411765 3.52941176471 0.0480391710205 
4.23529411765 3.88235294118 0.041834558431 
4.23529411765 4.23529411765 0.041542486405 
4.23529411765 4.58823529412 0.0506064479012 
4.23529411765 4.94117647059 0.0548173588289 
4.23529411765 5.29411764706 0.0400618528814 
4.23529411765 5.64705882353 0.0144285389026 
4.58823529412 0.352941176471 0.0136277882099 
4.58823529412 0.705882352941 0.0424701795972 
4.58823529412 1.05882352941 0.0583738283223 
4.58823529412 1.41176470588 0.0586763178519 
4.58823529412 1.76470588235 0.0505997743256 
4.58823529412 2.11764705882 0.047999151352 
4.58823529412 2.47058823529 0.0465003510478 
4.58823529412 2.82352941176 0.0492316640354 
4.58823529412 3.17647058824 0.0508490482666 
4.58823529412 3.52941176471 0.0495379087162 
4.58823529412 3.88235294118 0.0441563499967 
4.58823529412 4.23529411765 0.0466130049567 
4.58823529412 4.58823529412 0.0566457613599 
4.58823529412 4.94117647059 0.0600015816394 
4.58823529412 5.29411764706 0.0426750849862 
4.58823529412 5.64705882353 0.015211162871 
4.94117647059 0.352941176471 0.0112894228386 
4.94117647059 0.705882352941 0.0356112106972 
4.94117647059 1.05882352941 0.0516588404813 
4.94117647059 1.41176470588 0.0550835165911 
4.94117647059 1.76470588235 0.0516607605282 
4.94117647059 2.11764705882 0.0496643007782 
4.94117647059 2.47058823529 0.0503745970882 
4.94117647059 2.82352941176 0.0538895546114 
4.94117647059 3.17647058824 0.0558933913759 
4.94117647059 3.52941176471 0.054633944184 
4.94117647059 3.88235294118 0.0507238453679 
4.94117647059 4.23529411765 0.0521021299098 
4.94117647059 4.58823529412 0.0591825360574 
4.94117647059 4.94117647059 0.0583996600277 
4.94117647059 5.29411764706 0.0394803583285 
4.94117647059 5.64705882353 0.0135790838455 
5.29411764706 0.352941176471 0.00674777702062 
5.29411764706 0.705882352941 0.0220430396982 
5.29411764706 1.05882352941 0.0331501047226 
5.29411764706 1.41176470588 0.0367173536941 
5.29411764706 1.76470588235 0.0359806647677 
5.29411764706 2.11764705882 0.0361633833781 
5.29411764706 2.47058823529 0.0373741429205 
5.29411764706 2.82352941176 0.041351900219 
5.29411764706 3.17647058824 0.0433815402059 
5.29411764706 3.52941176471 0.0430171948902 
5.29411764706 3.88235294118 0.0397460922551 
5.29411764706 4.23529411765 0.0405048016127 
5.29411764706 4.58823529412 0.0425910958105 
5.29411764706 4.94117647059 0.0394839964207 
5.29411764706 5.29411764706 0.025377656766 
5.29411764706 5.64705882353 0.00851176591811 
5.64705882353 0.352941176471 0.00221275979987 
5.64705882353 0.705882352941 0.0073476742221 
5.64705882353 1.05882352941 0.0109866314377 
5.64705882353 1.41176470588 0.0127016970742 
5.64705882353 1.76470588235 0.0124217253466 
5.64705882353 2.11764705882 0.0127785841386 
5.64705882353 2.47058823529 0.0131245346573 
5.64705882353 2.82352941176 0.0150289571744 
5.64705882353 3.17647058824 0.0156166652832 
5.64705882353 3.52941176471 0.0158130965779 
5.64705882353 3.88235294118 0.0146395209797 
5.64705882353 4.23529411765 0.0148882301361 
5.64705882353 4.58823529412 0.0151763624445 
5.64705882353 4.94117647059 0.0136621787426 
5.64705882353 5.29411764706 0.00858292243186 
5.64705882353 5.64705882353 0.00280373744523 
