0.333333333333 0.333333333333 0.000667061730224 
0.333333333333 0.666666666667 0.00294326217717 
0.333333333333 1.0 0.00742607661438 
0.333333333333 1.33333333333 0.014245260459 
0.333333333333 1.66666666667 0.0203872756298 
0.333333333333 2.0 0.0208935251411 
0.333333333333 2.33333333333 0.0137403181227 
0.333333333333 2.66666666667 0.00424443604497 
0.666666666667 0.333333333333 0.00211253135827 
0.666666666667 0.666666666667 0.00865228179829 
0.666666666667 1.0 0.0207780887188 
0.666666666667 1.33333333333 0.0398615359238 
0.666666666667 1.66666666667 0.0588544006876 
0.666666666667 2.0 0.062433259665 
0.666666666667 2.33333333333 0.0421949135136 
0.666666666667 2.66666666667 0.0132472180815 
1.0 0.333333333333 0.00448708707914 
1.0 0.666666666667 0.0153291463584 
1.0 1.0 0.029565037825 
1.0 1.33333333333 0.0500387958652 
1.0 1.66666666667 0.0741655235886 
1.0 2.0 0.0824139498683 
1.0 2.33333333333 0.0584445559943 
1.0 2.66666666667 0.0188708247195 
1.33333333333 0.333333333333 0.00959515334836 
1.33333333333 0.666666666667 0.0291618391453 
1.33333333333 1.0 0.0430228257923 
1.33333333333 1.33333333333 0.0503342604312 
1.33333333333 1.66666666667 0.0608888134428 
1.33333333333 2.0 0.066811079768 
1.33333333333 2.33333333333 0.0494723583509 
1.33333333333 2.66666666667 0.0165545705521 
1.66666666667 0.333333333333 0.0169621963268 
1.66666666667 0.666666666667 0.0513580327823 
1.66666666667 1.0 0.070469651639 
1.66666666667 1.33333333333 0.0628388396194 
1.66666666667 1.66666666667 0.0488153875156 
1.66666666667 2.0 0.0412224765575 
1.66666666667 2.33333333333 0.0292993643378 
1.66666666667 2.66666666667 0.00999859574611 
2.0 0.333333333333 0.0201512065698 
2.0 0.666666666667 0.0625408407465 
2.0 1.0 0.0881422054989 
2.0 1.33333333333 0.0767133741577 
2.0 1.66666666667 0.0478342727679 
2.0 2.0 0.0269557770652 
2.0 2.33333333333 0.0146485049302 
2.0 2.66666666667 0.00466296936969 
2.33333333333 0.333333333333 0.0144919384849 
2.33333333333 0.666666666667 0.0458770414503 
2.33333333333 1.0 0.0666347243438 
2.33333333333 1.33333333333 0.0599658488194 
2.33333333333 1.66666666667 0.0368237144014 
2.33333333333 2.0 0.0175485509069 
2.33333333333 2.33333333333 0.00712141194357 
2.33333333333 2.66666666667 0.00190726453856 
2.66666666667 0.333333333333 0.00468895705636 
2.66666666667 0.666666666667 0.0150171761174 
2.66666666667 1.0 0.0222478151576 
2.66666666667 1.33333333333 0.0205662074365 
2.66666666667 1.66666666667 0.0128982163841 
2.66666666667 2.0 0.00597702460214 
2.66666666667 2.33333333333 0.00213509901715 
2.66666666667 2.66666666667 0.000497938929729 
