0.272727272727 0.272727272727 0.000672106758468 
0.272727272727 0.545454545455 0.00209579252894 
0.272727272727 0.818181818182 0.00303641116605 
0.272727272727 1.09090909091 0.00294336158978 
0.272727272727 1.36363636364 0.0025530488244 
0.272727272727 1.63636363636 0.00291495530135 
0.272727272727 1.90909090909 0.00374456622069 
0.272727272727 2.18181818182 0.00386394528043 
0.272727272727 2.45454545455 0.00258349167339 
0.272727272727 2.72727272727 0.000810848799273 
0.545454545455 0.272727272727 0.00269019597653 
0.545454545455 0.545454545455 0.00837421588272 
0.545454545455 0.818181818182 0.01207305532 
0.545454545455 1.09090909091 0.0115470936148 
0.545454545455 1.36363636364 0.00973103590392 
0.545454545455 1.63636363636 0.01083370733 
0.545454545455 1.90909090909 0.0139368241801 
0.545454545455 2.18181818182 0.0144878973784 
0.545454545455 2.45454545455 0.00974177823938 
0.545454545455 2.72727272727 0.00306608393372 
0.818181818182 0.272727272727 0.00590474103088 
0.818181818182 0.545454545455 0.0183354848362 
0.818181818182 0.818181818182 0.0262272146667 
0.818181818182 1.09090909091 0.024490437108 
0.818181818182 1.36363636364 0.0196686883298 
0.818181818182 1.63636363636 0.0210444372389 
0.818181818182 1.90909090909 0.0273600126902 
0.818181818182 2.18181818182 0.0287582985391 
0.818181818182 2.45454545455 0.0195951964536 
0.818181818182 2.72727272727 0.00619997412519 
1.09090909091 0.272727272727 0.00937885137494 
1.09090909091 0.545454545455 0.0291026081766 
1.09090909091 0.818181818182 0.0414787556057 
1.09090909091 1.09090909091 0.0381763007795 
1.09090909091 1.36363636364 0.0295029633061 
1.09090909091 1.63636363636 0.0303905822139 
1.09090909091 1.90909090909 0.0396620295279 
1.09090909091 2.18181818182 0.0422302903387 
1.09090909091 2.45454545455 0.0290414125605 
1.09090909091 2.72727272727 0.00923293137893 
1.36363636364 0.272727272727 0.0118521509203 
1.36363636364 0.545454545455 0.0367702580033 
1.36363636364 0.818181818182 0.0522167808008 
1.36363636364 1.09090909091 0.0474063347194 
1.36363636364 1.36363636364 0.0353652818916 
1.36363636364 1.63636363636 0.0351866950258 
1.36363636364 1.90909090909 0.0463944807981 
1.36363636364 2.18181818182 0.0500611591832 
1.36363636364 2.45454545455 0.0347311729161 
1.36363636364 2.72727272727 0.0110841480558 
1.63636363636 0.272727272727 0.0123880863675 
1.63636363636 0.545454545455 0.038420858022 
1.63636363636 0.818181818182 0.0544565150631 
1.63636363636 1.09090909091 0.049066145468 
1.63636363636 1.36363636364 0.0358047598788 
1.63636363636 1.63636363636 0.0348742968359 
1.63636363636 1.90909090909 0.0462519055883 
1.63636363636 2.18181818182 0.0504024807662 
1.63636363636 2.45454545455 0.0351429917528 
1.63636363636 2.72727272727 0.0112396343655 
1.90909090909 0.272727272727 0.0105766099918 
1.90909090909 0.545454545455 0.0327761642769 
1.90909090909 0.818181818182 0.0462821996834 
1.90909090909 1.09090909091 0.0415111229503 
1.90909090909 1.36363636364 0.029919175448 
1.90909090909 1.63636363636 0.0291177460871 
1.90909090909 1.90909090909 0.0389402019945 
1.90909090909 2.18181818182 0.0427013353139 
1.90909090909 2.45454545455 0.0298014161741 
1.90909090909 2.72727272727 0.00953364003233 
2.18181818182 0.272727272727 0.00718020226951 
2.18181818182 0.545454545455 0.0222330016585 
2.18181818182 0.818181818182 0.0313540669621 
2.18181818182 1.09090909091 0.0280971996979 
2.18181818182 1.36363636364 0.0202885000873 
2.18181818182 1.63636363636 0.0199196273642 
2.18181818182 1.90909090909 0.0267816110703 
2.18181818182 2.18181818182 0.0294056382755 
2.18181818182 2.45454545455 0.0204966439523 
2.18181818182 2.72727272727 0.00655001212883 
2.45454545455 0.272727272727 0.00351531551616 
2.45454545455 0.545454545455 0.0108603093617 
2.45454545455 0.818181818182 0.0153016595503 
2.45454545455 1.09090909091 0.0137320331622 
2.45454545455 1.36363636364 0.0101020344551 
2.45454545455 1.63636363636 0.0101994642849 
2.45454545455 1.90909090909 0.0138041795642 
2.45454545455 2.18181818182 0.0151143759755 
2.45454545455 2.45454545455 0.0104758643862 
2.45454545455 2.72727272727 0.00333889486149 
2.72727272727 0.272727272727 0.000913563840323 
2.72727272727 0.545454545455 0.00282090238872 
2.72727272727 0.818181818182 0.00397183881171 
2.72727272727 1.09090909091 0.00357376835082 
2.72727272727 1.36363636364 0.00266410915209 
2.72727272727 1.63636363636 0.00273793776455 
2.72727272727 1.90909090909 0.00371170225792 
2.72727272727 2.18181818182 0.00405367447138 
2.72727272727 2.45454545455 0.00280391964411 
2.72727272727 2.72727272727 0.000892985214455 
