0.272727272727 0.272727272727 0.345139266055 
0.272727272727 0.545454545455 0.601412213891 
0.272727272727 0.818181818182 1.09319639944 
0.272727272727 1.09090909091 0.19282314622 
0.272727272727 1.36363636364 0.880277139528 
0.272727272727 1.63636363636 0.880277139528 
0.272727272727 1.90909090909 0.19282314622 
0.272727272727 2.18181818182 1.09319639944 
0.272727272727 2.45454545455 0.601412213891 
0.272727272727 2.72727272727 0.345139266055 
0.545454545455 0.272727272727 0.601412213891 
0.545454545455 0.545454545455 0.857685161727 
0.545454545455 0.818181818182 1.34946934728 
0.545454545455 1.09090909091 0.449096094056 
0.545454545455 1.36363636364 1.13655008736 
0.545454545455 1.63636363636 1.13655008736 
0.545454545455 1.90909090909 0.449096094056 
0.545454545455 2.18181818182 1.34946934728 
0.545454545455 2.45454545455 0.857685161727 
0.545454545455 2.72727272727 0.601412213891 
0.818181818182 0.272727272727 1.09319639944 
0.818181818182 0.545454545455 1.34946934728 
0.818181818182 0.818181818182 1.84125353283 
0.818181818182 1.09090909091 0.940880279608 
0.818181818182 1.36363636364 1.62833427292 
0.818181818182 1.63636363636 1.62833427292 
0.818181818182 1.90909090909 0.940880279608 
0.818181818182 2.18181818182 1.84125353283 
0.818181818182 2.45454545455 1.34946934728 
0.818181818182 2.72727272727 1.09319639944 
1.09090909091 0.272727272727 0.19282314622 
1.09090909091 0.545454545455 0.449096094056 
1.09090909091 0.818181818182 0.940880279608 
1.09090909091 1.09090909091 0.0405070263855 
1.09090909091 1.36363636364 0.727961019694 
1.09090909091 1.63636363636 0.727961019694 
1.09090909091 1.90909090909 0.0405070263855 
1.09090909091 2.18181818182 0.940880279608 
1.09090909091 2.45454545455 0.449096094056 
1.09090909091 2.72727272727 0.19282314622 
1.36363636364 0.272727272727 0.880277139528 
1.36363636364 0.545454545455 1.13655008736 
1.36363636364 0.818181818182 1.62833427292 
1.36363636364 1.09090909091 0.727961019694 
1.36363636364 1.36363636364 1.415415013 
1.36363636364 1.63636363636 1.415415013 
1.36363636364 1.90909090909 0.727961019694 
1.36363636364 2.18181818182 1.62833427292 
1.36363636364 2.45454545455 1.13655008736 
1.36363636364 2.72727272727 0.880277139528 
1.63636363636 0.272727272727 0.880277139528 
1.63636363636 0.545454545455 1.13655008736 
1.63636363636 0.818181818182 1.62833427292 
1.63636363636 1.09090909091 0.727961019694 
1.63636363636 1.36363636364 1.415415013 
1.63636363636 1.63636363636 1.415415013 
1.63636363636 1.90909090909 0.727961019694 
1.63636363636 2.18181818182 1.62833427292 
1.63636363636 2.45454545455 1.13655008736 
1.63636363636 2.72727272727 0.880277139528 
1.90909090909 0.272727272727 0.19282314622 
1.90909090909 0.545454545455 0.449096094056 
1.90909090909 0.818181818182 0.940880279608 
1.90909090909 1.09090909091 0.0405070263855 
1.90909090909 1.36363636364 0.727961019694 
1.90909090909 1.63636363636 0.727961019694 
1.90909090909 1.90909090909 0.0405070263855 
1.90909090909 2.18181818182 0.940880279608 
1.90909090909 2.45454545455 0.449096094056 
1.90909090909 2.72727272727 0.19282314622 
2.18181818182 0.272727272727 1.09319639944 
2.18181818182 0.545454545455 1.34946934728 
2.18181818182 0.818181818182 1.84125353283 
2.18181818182 1.09090909091 0.940880279608 
2.18181818182 1.36363636364 1.62833427292 
2.18181818182 1.63636363636 1.62833427292 
2.18181818182 1.90909090909 0.940880279608 
2.18181818182 2.18181818182 1.84125353283 
2.18181818182 2.45454545455 1.34946934728 
2.18181818182 2.72727272727 1.09319639944 
2.45454545455 0.272727272727 0.601412213891 
2.45454545455 0.545454545455 0.857685161727 
2.45454545455 0.818181818182 1.34946934728 
2.45454545455 1.09090909091 0.449096094056 
2.45454545455 1.36363636364 1.13655008736 
2.45454545455 1.63636363636 1.13655008736 
2.45454545455 1.90909090909 0.449096094056 
2.45454545455 2.18181818182 1.34946934728 
2.45454545455 2.45454545455 0.857685161727 
2.45454545455 2.72727272727 0.601412213891 
2.72727272727 0.272727272727 0.345139266055 
2.72727272727 0.545454545455 0.601412213891 
2.72727272727 0.818181818182 1.09319639944 
2.72727272727 1.09090909091 0.19282314622 
2.72727272727 1.36363636364 0.880277139528 
2.72727272727 1.63636363636 0.880277139528 
2.72727272727 1.90909090909 0.19282314622 
2.72727272727 2.18181818182 1.09319639944 
2.72727272727 2.45454545455 0.601412213891 
2.72727272727 2.72727272727 0.345139266055 
