105 -0.425190204429 
106 -0.426253139921 
107 -0.42729552887 
108 -0.428318519021 
109 -0.429323193042 
110 -0.430310657516 
111 -0.431281729806 
112 -0.432237312769 
113 -0.433178212252 
114 -0.434105290373 
115 -0.435019208716 
116 -0.435920626719 
117 -0.436810156734 
118 -0.437688373741 
119 -0.43855593185 
120 -0.439413290699 
121 -0.440260969431 
122 -0.441099389034 
123 -0.441929035322 
124 -0.442750315827 
125 -0.443563663246 
126 -0.444369335738 
127 -0.445167919276 
128 -0.445959818359 
129 -0.446745428948 
130 -0.447525135407 
131 -0.44829930821 
132 -0.44906827142 
133 -0.449832404736 
134 -0.450592033804 
135 -0.451347445254 
136 -0.452098953188 
137 -0.452846789309 
138 -0.453590936918 
139 -0.454331065962 
140 -0.455067412833 
141 -0.455799974221 
142 -0.456529048331 
143 -0.457254608372 
144 -0.457976698192 
145 -0.458695436037 
146 -0.459410759742 
147 -0.4601225293 
148 -0.460830637915 
149 -0.461535041903 
150 -0.462235951543 
151 -0.462933252885 
152 -0.463626004821 
153 -0.464313629384 
154 -0.464996004168 
155 -0.465673015393 
156 -0.466344504494 
157 -0.467010440935 
158 -0.46767041954 
159 -0.468324140659 
160 -0.468971029771 
161 -0.469610703254 
162 -0.470242808916 
163 -0.470867003121 
164 -0.471482945897 
165 -0.472090261868 
166 -0.472688774959 
167 -0.473278117244 
168 -0.473857989803 
169 -0.474428169956 
170 -0.474988244657 
171 -0.475537981158 
172 -0.476077476242 
173 -0.476606463551 
174 -0.477124551588 
175 -0.477631478958 
176 -0.478127035072 
177 -0.478611163551 
178 -0.479083774934 
179 -0.479544317776 
180 -0.479992708098 
181 -0.480428915255 
182 -0.480852880509 
183 -0.481264687226 
184 -0.48166418177 
185 -0.482051464032 
186 -0.482426494595 
187 -0.482789380382 
188 -0.483140208477 
189 -0.483479070079 
190 -0.483806038619 
191 -0.484121204839 
192 -0.484424727567 
193 -0.484716855752 
194 -0.484997695226 
195 -0.48526748414 
196 -0.485526472678 
197 -0.485774870978 
198 -0.486012858539 
199 -0.486240830238 
200 -0.486459037268 
201 -0.486667766867 
202 -0.486867336413 
203 -0.487058122363 
204 -0.487240613245 
205 -0.487415000086 
206 -0.487580418758 
207 -0.487738335161 
208 -0.487889062332 
209 -0.48803282095 
210 -0.488169866537 
211 -0.488300538103 
212 -0.488425054252 
213 -0.488543689141 
214 -0.488656710137 
215 -0.488764376855 
216 -0.488866931726 
217 -0.48896462433 
218 -0.489057686199 
219 -0.489146334922 
220 -0.489230758358 
221 -0.489311119363 
222 -0.489387787126 
223 -0.489460940126 
224 -0.489530684709 
225 -0.489597179083 
226 -0.489660554992 
227 -0.489720997239 
228 -0.48977864887 
229 -0.489833683619 
230 -0.489886286651 
231 -0.489936588698 
232 -0.489984717914 
233 -0.49003073699 
234 -0.490074653725 
235 -0.490116516846 
236 -0.490156417803 
237 -0.490194509988 
238 -0.490230906605 
239 -0.49026570423 
240 -0.490298988566 
241 -0.490330838028 
242 -0.490361325629 
243 -0.490390519813 
244 -0.490418484702 
245 -0.490445280442 
246 -0.490470963741 
247 -0.490495588287 
248 -0.490519194626 
249 -0.490541842224 
250 -0.490563576902 
251 -0.490584442184 
252 -0.490604479433 
253 -0.490623727965 
254 -0.490642225165 
255 -0.490660006594 
256 -0.490677106097 
257 -0.490693555911 
258 -0.490709386753 
259 -0.490724627846 
260 -0.490739306869 
261 -0.490753449776 
262 -0.490767080541 
263 -0.490780220957 
264 -0.490792890732 
265 -0.490805107957 
266 -0.490816889979 
267 -0.490828254602 
268 -0.490839210689 
269 -0.490849783664 
270 -0.490859989755 
271 -0.490869843792 
272 -0.490879361087 
273 -0.49088855542 
274 -0.490897435833 
275 -0.490905976431 
276 -0.490914209456 
277 -0.490922299225 
278 -0.490930094683 
279 -0.490937617254 
280 -0.490944884654 
281 -0.490951926272 
282 -0.490958752844 
283 -0.490965368274 
284 -0.490971777185 
285 -0.490977985277 
286 -0.490983998731 
287 -0.490989823848 
288 -0.490995474311 
289 -0.491000948222 
290 -0.491006251561 
291 -0.491011390121 
292 -0.491016362012 
293 -0.491021180418 
294 -0.491025850561 
295 -0.491030377485 
296 -0.491034766061 
297 -0.491039020995 
298 -0.491043146834 
299 -0.491047147971 
300 -0.49105013402 
301 -0.49105305005 
302 -0.491055898719 
303 -0.491058682282 
304 -0.4910614029 
305 -0.491064062625 
306 -0.491066663418 
307 -0.491069207153 
308 -0.491071695626 
309 -0.491074130555 
310 -0.491076513589 
311 -0.491078846306 
312 -0.491081130219 
313 -0.491083366782 
314 -0.491085557386 
315 -0.491087710401 
316 -0.491089820001 
317 -0.491091887396 
318 -0.491093913776 
319 -0.491095900283 
320 -0.491097848019 
321 -0.491099758041 
322 -0.491101631369 
323 -0.491103468983 
324 -0.491105271826 
325 -0.49110704081 
326 -0.491108776809 
327 -0.49111048067 
328 -0.491112153207 
329 -0.491113795207 
330 -0.491115407427 
331 -0.491116990602 
332 -0.491118545438 
333 -0.491120072618 
334 -0.491121572804 
335 -0.491123046634 
336 -0.491124494726 
337 -0.491125917677 
338 -0.491127316065 
339 -0.491128657532 
340 -0.491129976461 
341 -0.491131273335 
342 -0.491132548622 
343 -0.491133802775 
344 -0.491135036235 
345 -0.49113624943 
346 -0.491137442776 
347 -0.491138619283 
348 -0.491139776534 
349 -0.491140914916 
350 -0.491142034805 
351 -0.491143136562 
352 -0.491144220541 
353 -0.491145287081 
354 -0.491146336514 
355 -0.491147369168 
356 -0.491148385373 
357 -0.49114938547 
358 -0.491150369792 
359 -0.491151338624 
360 -0.491152292221 
361 -0.491153230832 
362 -0.491154154712 
363 -0.491155064119 
364 -0.491155959321 
365 -0.491156840601 
366 -0.491157708257 
367 -0.491158562593 
368 -0.4911594039 
369 -0.491160232443 
370 -0.491161048453 
371 -0.491161852143 
372 -0.491162643714 
373 -0.49116342336 
374 -0.491164191275 
375 -0.49116494765 
376 -0.491165692675 
377 -0.491166426538 
378 -0.491167149422 
379 -0.491167861507 
380 -0.491168562971 
381 -0.491169253985 
382 -0.491169934719 
383 -0.49117060534 
384 -0.491171266012 
385 -0.491171916898 
386 -0.491172558157 
387 -0.491173189949 
388 -0.49117381243 
389 -0.491174425754 
390 -0.491175040698 
391 -0.491175646299 
392 -0.491176242714 
393 -0.491176830096 
394 -0.491177408599 
395 -0.491177978375 
396 -0.491178539572 
397 -0.491179092334 
398 -0.491179636804 
399 -0.491180173122 
400 -0.491180701424 
401 -0.491181221846 
402 -0.49118173452 
403 -0.49118223958 
404 -0.491182737154 
405 -0.491183227374 
406 -0.491183710366 
407 -0.491184186259 
408 -0.491184655177 
409 -0.491185117244 
410 -0.491185572581 
411 -0.491186021306 
412 -0.491186463533 
413 -0.491186899371 
414 -0.49118732893 
415 -0.491187752311 
416 -0.491188169619 
417 -0.491188580953 
418 -0.491188986412 
419 -0.491189386095 
420 -0.491189780099 
421 -0.491190168519 
422 -0.491190551449 
423 -0.49119092898 
424 -0.491191301201 
425 -0.491191668199 
426 -0.491192030056 
427 -0.491192386851 
428 -0.491192738661 
429 -0.491193085554 
430 -0.491193427594 
431 -0.491193764839 
432 -0.491194097335 
433 -0.491194425126 
434 -0.491194748253 
435 -0.491195066781 
436 -0.49119538081 
437 -0.491195690476 
438 -0.491195995912 
439 -0.491196297209 
440 -0.491196594456 
441 -0.491196887804 
442 -0.491197177385 
443 -0.491197463237 
444 -0.491197745366 
445 -0.491198023791 
446 -0.491198298543 
447 -0.491198569664 
448 -0.4911988372 
449 -0.491199101201 
450 -0.491199361716 
451 -0.491199618795 
452 -0.491199872487 
453 -0.491200122843 
454 -0.491200369909 
455 -0.491200613734 
456 -0.491200854367 
457 -0.491201091853 
458 -0.491201326242 
459 -0.491201557583 
460 -0.491201785929 
461 -0.491202011341 
462 -0.491202233894 
463 -0.491202453682 
464 -0.491202670824 
465 -0.491202885402 
466 -0.491203097397 
467 -0.491203306765 
468 -0.491203513503 
469 -0.491203717628 
470 -0.491203919168 
471 -0.491204118158 
472 -0.491204314637 
473 -0.491204508642 
474 -0.491204700212 
475 -0.491204889384 
476 -0.491205076196 
477 -0.491205260682 
478 -0.491205442879 
479 -0.491205622822 
480 -0.491205803574 
481 -0.491205982028 
482 -0.491206158218 
483 -0.491206332181 
484 -0.491206503951 
485 -0.491206673562 
486 -0.491206841048 
487 -0.491207006442 
488 -0.491207169777 
489 -0.491207331086 
490 -0.491207490398 
491 -0.491207647747 
492 -0.491207803163 
493 -0.491207956675 
494 -0.491208108315 
495 -0.49120825811 
496 -0.491208406091 
497 -0.491208552285 
498 -0.49120869672 
499 -0.491208839424 
500 -0.491208980425 
501 -0.491209119747 
502 -0.491209257419 
503 -0.491209393466 
504 -0.491209527912 
505 -0.491209660783 
506 -0.491209792104 
507 -0.491209921899 
508 -0.491210050191 
509 -0.491210177004 
510 -0.491210302361 
511 -0.491210426284 
512 -0.491210548795 
513 -0.491210669918 
514 -0.491210789672 
515 -0.491210908079 
516 -0.491211025161 
517 -0.491211140936 
518 -0.491211255426 
519 -0.49121136865 
520 -0.491211480628 
521 -0.491211591378 
522 -0.49121170092 
523 -0.491211809271 
524 -0.491211916451 
525 -0.491212022476 
526 -0.491212127364 
527 -0.491212231133 
528 -0.491212333799 
529 -0.491212435379 
530 -0.49121253589 
531 -0.491212635347 
532 -0.491212733766 
533 -0.491212831163 
534 -0.491212927552 
535 -0.49121302295 
536 -0.49121311737 
537 -0.491213210827 
538 -0.491213303336 
539 -0.49121339491 
540 -0.491213485563 
541 -0.491213575308 
542 -0.491213664159 
543 -0.491213752129 
544 -0.49121383923 
545 -0.491213925476 
546 -0.491214010878 
547 -0.491214095448 
548 -0.4912141792 
549 -0.491214262143 
550 -0.491214344291 
551 -0.491214425654 
552 -0.491214506243 
553 -0.49121458607 
554 -0.491214665144 
555 -0.491214743477 
556 -0.49121482108 
557 -0.491214897961 
558 -0.491214974132 
559 -0.491215049602 
560 -0.491215124381 
561 -0.491215198478 
562 -0.491215271903 
563 -0.491215344665 
564 -0.491215416773 
565 -0.491215488236 
566 -0.491215559063 
567 -0.491215629262 
568 -0.491215698841 
569 -0.49121576781 
570 -0.491215836176 
571 -0.491215903947 
572 -0.491215971131 
573 -0.491216037735 
574 -0.491216103769 
575 -0.491216169238 
576 -0.491216234151 
577 -0.491216298514 
578 -0.491216362335 
579 -0.491216425621 
580 -0.491216488379 
581 -0.491216550614 
582 -0.491216612335 
583 -0.491216673548 
584 -0.491216734259 
585 -0.491216794474 
586 -0.491216854199 
587 -0.491216913442 
588 -0.491216972207 
589 -0.491217030501 
590 -0.49121708833 
591 -0.491217145699 
592 -0.491217202614 
593 -0.49121725908 
594 -0.491217315104 
595 -0.491217370689 
596 -0.491217425843 
597 -0.491217480569 
598 -0.491217534873 
599 -0.49121758876 
