0 0.0693575616184 
1 -0.0502916821971 
2 -0.154613222094 
3 -0.282552518893 
4 -0.395466157905 
5 -0.395641308869 
6 -0.395808592704 
7 -0.395969693215 
8 -0.396124648069 
9 -0.39627371174 
10 -0.396417139743 
11 -0.396555138821 
12 -0.396687915216 
13 -0.396815687179 
14 -0.396938676166 
15 -0.39705711774 
16 -0.397171171624 
17 -0.397281016249 
18 -0.397386820447 
19 -0.397488838779 
20 -0.397587111466 
21 -0.397681789311 
22 -0.397773016531 
23 -0.397860931107 
24 -0.397945665105 
25 -0.398027344967 
26 -0.398106091573 
27 -0.39818202233 
28 -0.398255248325 
29 -0.398325875977 
30 -0.39839400724 
31 -0.398459739801 
32 -0.398523167273 
33 -0.398584398645 
34 -0.39864350143 
35 -0.398700557989 
36 -0.398755647271 
37 -0.398808844959 
38 -0.398860223608 
39 -0.398909852781 
40 -0.398957799178 
41 -0.399004126757 
42 -0.399048896853 
43 -0.399092168291 
44 -0.39913399749 
45 -0.39913399749 
46 -0.409098026739 
47 -0.42023621723 
48 -0.427655373517 
49 -0.430244977146 
50 -0.43046306588 
51 -0.430674987633 
52 -0.430880908875 
53 -0.431081000722 
54 -0.431275429439 
55 -0.43146435663 
56 -0.431647939392 
57 -0.431826330459 
58 -0.431999678323 
59 -0.432168127352 
60 -0.432331817902 
61 -0.432490886414 
62 -0.432645465524 
63 -0.432795684155 
64 -0.432941667612 
65 -0.433083537681 
66 -0.433221412711 
67 -0.433355407709 
68 -0.433485634425 
69 -0.433612201437 
70 -0.433735214233 
71 -0.433854775297 
72 -0.433970984181 
73 -0.434083937591 
74 -0.434193729457 
75 -0.434300451014 
76 -0.434404190869 
77 -0.434505031183 
78 -0.434603059442 
79 -0.434698356758 
80 -0.434791001895 
81 -0.43488107134 
82 -0.434968639359 
83 -0.435053778065 
84 -0.435136557473 
85 -0.435217045564 
86 -0.435295308337 
87 -0.43537140987 
88 -0.43544541237 
89 -0.435517376228 
90 -0.435517376228 
91 -0.439019039104 
92 -0.439743277229 
93 -0.440849497188 
94 -0.441094576707 
95 -0.441108352202 
96 -0.441121688354 
97 -0.441134600453 
98 -0.44114710322 
99 -0.441159210832 
100 -0.441170936943 
101 -0.441182294701 
102 -0.441193296769 
103 -0.441203955344 
104 -0.441214282176 
105 -0.441224288584 
106 -0.441233985471 
107 -0.441243383343 
108 -0.441252492322 
109 -0.441261322162 
110 -0.441269882262 
111 -0.441278181681 
112 -0.441286229149 
113 -0.441294033083 
114 -0.441301601593 
115 -0.441308942501 
116 -0.441316063347 
117 -0.4413229714 
118 -0.44132967367 
119 -0.441336192126 
120 -0.441342517529 
121 -0.441348656179 
122 -0.44135461415 
123 -0.441360397304 
124 -0.441366011295 
125 -0.44137146158 
126 -0.441376753424 
127 -0.441381891909 
128 -0.441386881939 
129 -0.441391731862 
130 -0.44139644231 
131 -0.441401017708 
132 -0.441405462326 
133 -0.44140978029 
134 -0.441413975581 
135 -0.441413975581 
136 -0.44163581547 
137 -0.441702584272 
138 -0.441831479522 
139 -0.441884386234 
140 -0.441887264661 
141 -0.441890026617 
142 -0.44189267727 
143 -0.441895221544 
144 -0.441897664132 
145 -0.441900009509 
146 -0.441902261939 
147 -0.441904425488 
148 -0.441906504034 
149 -0.441908501272 
150 -0.441910420729 
151 -0.441912265767 
152 -0.441914039593 
153 -0.441915745267 
154 -0.441917385706 
155 -0.441918963695 
156 -0.441920481893 
157 -0.441921938441 
158 -0.441923340181 
159 -0.441924689429 
160 -0.441925988398 
161 -0.4419272392 
162 -0.441928443849 
163 -0.441929604271 
164 -0.441930722304 
165 -0.441931799703 
166 -0.441932838145 
167 -0.441933839231 
168 -0.441934804491 
169 -0.441935735386 
170 -0.441936633314 
171 -0.441937499609 
172 -0.441938335548 
173 -0.44193914235 
174 -0.441939921181 
175 -0.441940673156 
176 -0.44194139934 
177 -0.441942100754 
178 -0.441942778374 
179 -0.44194343313 
180 -0.44194343313 
181 -0.442015939748 
182 -0.442057498097 
183 -0.442120402829 
184 -0.442159105783 
185 -0.442160817376 
186 -0.442162438063 
187 -0.442163972922 
188 -0.442165426742 
189 -0.442166804038 
190 -0.442168109066 
191 -0.442169345839 
192 -0.442170518141 
193 -0.44217162954 
194 -0.4421726834 
195 -0.442173682894 
196 -0.442174631015 
197 -0.442175530583 
198 -0.442176384262 
199 -0.442177194562 
200 -0.442177963851 
201 -0.442178694364 
202 -0.442179388208 
203 -0.442180047373 
204 -0.442180673734 
205 -0.442181269063 
206 -0.442181835031 
207 -0.442182373213 
208 -0.4421828851 
209 -0.442183372096 
210 -0.442183835526 
211 -0.442184276644 
212 -0.44218469663 
213 -0.442185096603 
214 -0.442185477614 
215 -0.442185840661 
216 -0.442186186682 
217 -0.442186516567 
218 -0.442186831154 
219 -0.442187131236 
220 -0.442187417562 
221 -0.442187690839 
222 -0.442187951737 
223 -0.442188200889 
224 -0.442188438891 
225 -0.442188438891 
226 -0.442235754928 
227 -0.442267225824 
228 -0.442305923243 
229 -0.4423316783 
230 -0.442332987066 
231 -0.442334215395 
232 -0.442335368391 
233 -0.442336450828 
234 -0.442337467172 
235 -0.442338421602 
236 -0.442339318027 
237 -0.442340160103 
238 -0.442340951254 
239 -0.442341694682 
240 -0.442342393386 
241 -0.44234305017 
242 -0.44234366766 
243 -0.442344248315 
244 -0.442344794435 
245 -0.442345308175 
246 -0.442345791551 
247 -0.442346246451 
248 -0.442346674643 
249 -0.442347077784 
250 -0.442347457422 
251 -0.442347815011 
252 -0.442348151909 
253 -0.442348469391 
254 -0.442348768649 
255 -0.4423490508 
256 -0.442349316892 
257 -0.442349567906 
258 -0.44234980476 
259 -0.442350028315 
260 -0.442350239378 
261 -0.442350438705 
262 -0.442350627005 
263 -0.442350804942 
264 -0.442350973139 
265 -0.442351132179 
266 -0.442351282609 
267 -0.442351424942 
268 -0.44235155966 
269 -0.442351687214 
270 -0.442351687214 
271 -0.442378544556 
272 -0.442396584452 
273 -0.442416559316 
274 -0.442430062499 
275 -0.442430800807 
276 -0.442431491778 
277 -0.442432138546 
278 -0.442432744035 
279 -0.442433310973 
280 -0.442433841903 
281 -0.4424343392 
282 -0.442434805076 
283 -0.442435241598 
284 -0.442435650693 
285 -0.44243603416 
286 -0.442436393677 
287 -0.442436730811 
288 -0.442437047024 
289 -0.442437343679 
290 -0.442437622052 
291 -0.44243788333 
292 -0.442438128623 
293 -0.442438358968 
294 -0.442438575331 
295 -0.442438778616 
296 -0.442438969667 
297 -0.44243914927 
298 -0.442439318162 
299 -0.442439477028 
300 -0.442439626511 
301 -0.442439767209 
302 -0.442439899683 
303 -0.442440024454 
304 -0.442440142012 
305 -0.442440252812 
306 -0.442440357282 
307 -0.442440455819 
308 -0.442440548796 
309 -0.442440636561 
310 -0.442440719439 
311 -0.442440797734 
312 -0.442440871731 
313 -0.442440941694 
314 -0.442441007874 
315 -0.442441007874 
316 -0.442453875011 
317 -0.442462574891 
318 -0.442471756219 
319 -0.442478044234 
320 -0.442478390226 
321 -0.442478713892 
322 -0.44247901673 
323 -0.442479300136 
324 -0.442479565412 
325 -0.442479813768 
326 -0.442480046335 
327 -0.442480264164 
328 -0.442480468239 
329 -0.442480659472 
330 -0.442480838718 
331 -0.442481006769 
332 -0.442481164368 
333 -0.442481312206 
334 -0.442481450925 
335 -0.442481581127 
336 -0.442481703373 
337 -0.442481818183 
338 -0.442481926045 
339 -0.442482027413 
340 -0.442482122711 
341 -0.442482212334 
342 -0.44248229665 
343 -0.442482376004 
344 -0.442482450716 
345 -0.442482521085 
346 -0.442482587391 
347 -0.442482649893 
348 -0.442482708837 
349 -0.442482764448 
350 -0.442482816937 
351 -0.442482866504 
352 -0.442482913333 
353 -0.442482957595 
354 -0.442482999453 
355 -0.442483039055 
356 -0.442483076543 
357 -0.442483112048 
358 -0.442483145691 
359 -0.442483177588 
360 -0.442483177588 
361 -0.442488888495 
362 -0.442492776824 
363 -0.442496775245 
364 -0.442499556724 
365 -0.442499707073 
366 -0.442499847778 
367 -0.44249997949 
368 -0.442500102812 
369 -0.442500218306 
370 -0.442500326499 
371 -0.442500427878 
372 -0.442500522899 
373 -0.442500611986 
374 -0.442500695534 
375 -0.442500773911 
376 -0.442500847462 
377 -0.442500916505 
378 -0.442500981338 
379 -0.442501042241 
380 -0.44250109947 
381 -0.442501153269 
382 -0.442501203862 
383 -0.442501251458 
384 -0.442501296254 
385 -0.442501338431 
386 -0.442501378159 
387 -0.442501415598 
388 -0.442501450895 
389 -0.442501484187 
390 -0.442501515604 
391 -0.442501545266 
392 -0.442501573283 
393 -0.442501599762 
394 -0.442501624799 
395 -0.442501648485 
396 -0.442501670904 
397 -0.442501692137 
398 -0.442501712257 
399 -0.442501731333 
400 -0.44250174943 
401 -0.442501766607 
402 -0.442501782921 
403 -0.442501798424 
404 -0.442501813166 
405 -0.442501813166 
406 -0.442504250568 
407 -0.44250595569 
408 -0.44250768526 
409 -0.44250890149 
410 -0.442508965308 
411 -0.442509025081 
412 -0.44250908108 
413 -0.442509133558 
414 -0.442509182751 
415 -0.44250922888 
416 -0.442509272148 
417 -0.442509312747 
418 -0.442509350853 
419 -0.442509386634 
420 -0.442509420242 
421 -0.442509451821 
422 -0.442509481506 
423 -0.442509509421 
424 -0.442509535682 
425 -0.442509560398 
426 -0.44250958367 
427 -0.442509605591 
428 -0.442509626251 
429 -0.442509645729 
430 -0.442509664104 
431 -0.442509681446 
432 -0.44250969782 
433 -0.44250971329 
434 -0.442509727913 
435 -0.442509741742 
436 -0.442509754828 
437 -0.442509767217 
438 -0.442509778954 
439 -0.442509790079 
440 -0.442509800629 
441 -0.442509810642 
442 -0.442509820149 
443 -0.442509829182 
444 -0.442509837769 
445 -0.442509845938 
446 -0.442509853714 
447 -0.44250986112 
448 -0.442509868178 
449 -0.442509874909 
450 -0.442509874909 
451 -0.442510949509 
452 -0.442511690443 
453 -0.442512437156 
454 -0.442512968392 
455 -0.442512995476 
456 -0.44251302087 
457 -0.442513044687 
458 -0.442513067034 
459 -0.442513088007 
460 -0.442513107699 
461 -0.442513126194 
462 -0.442513143573 
463 -0.442513159908 
464 -0.442513175269 
465 -0.44251318972 
466 -0.44251320332 
467 -0.442513216126 
468 -0.442513228189 
469 -0.442513239559 
470 -0.442513250278 
471 -0.442513260391 
472 -0.442513269936 
473 -0.44251327895 
474 -0.442513287466 
475 -0.442513295517 
476 -0.442513303132 
477 -0.442513310338 
478 -0.442513317163 
479 -0.442513323628 
480 -0.442513329758 
481 -0.442513335573 
482 -0.442513341092 
483 -0.442513346334 
484 -0.442513351315 
485 -0.442513356053 
486 -0.44251336056 
487 -0.44251336056 
488 -0.442513810193 
489 -0.442514133785 
490 -0.442514458494 
491 -0.442514687862 
492 -0.442514701811 
493 -0.442514714896 
494 -0.442514727176 
495 -0.442514738703 
496 -0.442514749529 
497 -0.4425147597 
498 -0.442514769259 
499 -0.442514778246 
500 -0.4425147867 
501 -0.442514794655 
502 -0.442514802145 
503 -0.442514809199 
504 -0.442514815846 
505 -0.442514822113 
506 -0.442514828025 
507 -0.442514833604 
508 -0.442514838871 
509 -0.442514843847 
510 -0.442514848551 
511 -0.442514853 
512 -0.442514853 
513 -0.442515058776 
514 -0.442515201791 
515 -0.442515345082 
516 -0.442515441826 
517 -0.44251545137 
518 -0.442515460316 
519 -0.442515468705 
520 -0.442515476574 
521 -0.442515483959 
522 -0.442515490891 
523 -0.4425154974 
524 -0.442515503515 
525 -0.442515509262 
526 -0.442515514665 
527 -0.442515519746 
528 -0.442515524528 
529 -0.44251552903 
530 -0.44251552903 
531 -0.442515623842 
532 -0.442515683682 
533 -0.44251574366 
534 -0.442515785743 
535 -0.44251579293 
536 -0.442515799664 
537 -0.442515805974 
538 -0.44251581189 
539 -0.442515817438 
540 -0.442515822643 
541 -0.442515827526 
542 -0.442515832111 
543 -0.442515832111 
544 -0.442515871077 
545 -0.442515903723 
546 -0.442515936427 
547 -0.442515960225 
548 -0.44251596641 
549 -0.442515972199 
550 -0.442515977621 
551 -0.442515982699 
552 -0.442515987457 
553 -0.442515991916 
554 -0.442515991916 
555 -0.442516014149 
556 -0.442516026964 
557 -0.442516039797 
558 -0.4425160495 
559 -0.442516054658 
560 -0.442516059486 
561 -0.442516064006 
562 -0.442516064006 
563 -0.442516072852 
564 -0.442516081826 
565 -0.442516090812 
566 -0.442516098417 
567 -0.44251610334 
568 -0.442516107946 
569 -0.442516107946 
570 -0.442516115005 
571 -0.442516119328 
572 -0.442516123655 
573 -0.442516126349 
574 -0.44251613106 
575 -0.44251613106 
576 -0.442516133552 
577 -0.442516136956 
578 -0.442516140363 
579 -0.442516142881 
580 -0.44251614757 
581 -0.44251614757 
582 -0.442516149944 
583 -0.442516152744 
584 -0.442516155547 
585 -0.442516157828 
586 -0.442516162473 
