0 -0.485441500333 
1 -0.491256143676 
2 -0.492329292524 
3 -0.492879938212 
4 -0.493265218147 
5 -0.493669311279 
6 -0.49403766391 
7 -0.494376577524 
8 -0.494687307005 
9 -0.494999400747 
10 -0.495242230571 
11 -0.495464701339 
12 -0.495670604667 
13 -0.495863341855 
14 -0.496041923853 
15 -0.496208518626 
16 -0.496357327438 
17 -0.496495698935 
18 -0.496625665173 
19 -0.496748735863 
20 -0.49686646438 
21 -0.496979350796 
22 -0.497080069608 
23 -0.49718417013 
24 -0.497285094662 
25 -0.49743722846 
26 -0.497582326005 
27 -0.497716345051 
28 -0.497841382843 
29 -0.497958505339 
30 -0.498067927546 
31 -0.498169013302 
32 -0.49826173849 
33 -0.498348253783 
34 -0.498428347329 
35 -0.498499255048 
36 -0.498567364477 
37 -0.498632909134 
38 -0.498695901747 
39 -0.498754135828 
40 -0.498814839373 
41 -0.498869422855 
42 -0.498921427847 
43 -0.498971820474 
44 -0.499020840122 
45 -0.499047450692 
46 -0.499091880874 
47 -0.499133102494 
48 -0.499169668092 
49 -0.499208028176 
50 -0.499245209226 
51 -0.499281201715 
52 -0.499316553269 
53 -0.499351292108 
54 -0.499456727864 
55 -0.499523699437 
56 -0.499614143211 
57 -0.499696648485 
58 -0.499769518491 
59 -0.499838451144 
60 -0.499913950568 
61 -0.499985069715 
62 -0.500042705888 
63 -0.500103046133 
64 -0.500174271179 
65 -0.50021958881 
66 -0.500250127063 
67 -0.500273918086 
68 -0.500294054194 
69 -0.500311576025 
70 -0.500327717333 
71 -0.500342925015 
72 -0.500357304132 
73 -0.500371034905 
74 -0.500384008169 
75 -0.50039629106 
76 -0.500407742139 
77 -0.500418864306 
78 -0.50042934042 
79 -0.500439409998 
80 -0.500449116759 
81 -0.500459200703 
82 -0.50046795851 
83 -0.500476135778 
84 -0.50048371442 
85 -0.500490666653 
86 -0.500496952658 
87 -0.500502377737 
88 -0.500506695502 
89 -0.500509669246 
90 -0.500510936527 
91 -0.500510762713 
92 -0.50050764784 
