0 0.0269949292401 
1 -0.0386686868838 
2 -0.165556816018 
3 -0.284029100775 
4 -0.40083509641 
5 -0.40176667943 
6 -0.402678848517 
7 -0.403566934065 
8 -0.404429083425 
9 -0.405264666526 
10 -0.40607375112 
11 -0.406856749994 
12 -0.407614258594 
13 -0.408346969319 
14 -0.409055624771 
15 -0.409740990957 
16 -0.410403840946 
17 -0.411044944335 
18 -0.411665060209 
19 -0.412264932375 
20 -0.412845286136 
21 -0.413406826179 
22 -0.413950235247 
23 -0.414476173395 
24 -0.414985277663 
25 -0.415478162076 
26 -0.415955417854 
27 -0.416417613797 
28 -0.416865296787 
29 -0.417298992369 
30 -0.417719205391 
31 -0.418126420679 
32 -0.418521103732 
33 -0.418903701426 
34 -0.419274642722 
35 -0.419634339363 
36 -0.41998318656 
37 -0.420321563671 
38 -0.420649834848 
39 -0.420968349684 
40 -0.42127744382 
41 -0.421577439545 
42 -0.421868646369 
43 -0.422151361573 
44 -0.422425870739 
45 -0.422425870739 
46 -0.433306507908 
47 -0.435805121382 
48 -0.438303212356 
49 -0.444097830359 
50 -0.44417681619 
51 -0.44425202725 
52 -0.4443236342 
53 -0.444391805654 
54 -0.44445670657 
55 -0.444518497059 
56 -0.444577331592 
57 -0.444633358504 
58 -0.444686719741 
59 -0.444737550766 
60 -0.444785980594 
61 -0.444832131901 
62 -0.444876121199 
63 -0.444918059043 
64 -0.444958050264 
65 -0.444996194207 
66 -0.445032584986 
67 -0.445067311729 
68 -0.445100458828 
69 -0.445132106174 
70 -0.445162329393 
71 -0.44519120007 
72 -0.445218785964 
73 -0.445245151213 
74 -0.44527035653 
75 -0.445294459391 
76 -0.44531751421 
77 -0.445339572509 
78 -0.445360683076 
79 -0.445380892116 
80 -0.445400243395 
81 -0.445418778371 
82 -0.445436536326 
83 -0.445453554481 
84 -0.445469868117 
85 -0.445485510672 
86 -0.445500513853 
87 -0.445514907723 
88 -0.445528720795 
89 -0.445541980117 
90 -0.445541980117 
91 -0.445659485267 
92 -0.445757346578 
93 -0.445867184325 
94 -0.445929968642 
95 -0.445944949751 
96 -0.4459591845 
97 -0.445972714799 
98 -0.445985580077 
99 -0.445997817428 
100 -0.446009461758 
101 -0.446020545914 
102 -0.446031100813 
103 -0.446041155554 
104 -0.446050737534 
105 -0.446059872548 
106 -0.446068584885 
107 -0.446076897423 
108 -0.44608483171 
109 -0.446092408048 
110 -0.446099645564 
111 -0.446106562284 
112 -0.4461131752 
113 -0.446119500326 
114 -0.446125552763 
115 -0.446131346752 
116 -0.446136895722 
117 -0.446142212342 
118 -0.446147308564 
119 -0.446152195669 
120 -0.4461568843 
121 -0.446161400306 
122 -0.446165737105 
123 -0.446169903657 
124 -0.446173908425 
125 -0.446177759405 
126 -0.446181464153 
127 -0.446185049437 
128 -0.446188501918 
129 -0.446191827985 
130 -0.446195033684 
131 -0.446198124731 
132 -0.446201106537 
133 -0.446203984221 
134 -0.44620676263 
135 -0.44620676263 
136 -0.446214728264 
137 -0.446221263946 
138 -0.446226766318 
139 -0.446248862433 
140 -0.44625369896 
141 -0.446258319995 
142 -0.446262737398 
143 -0.446266962326 
144 -0.44627100527 
145 -0.446274876102 
146 -0.446278584113 
147 -0.446282138043 
148 -0.446285546121 
149 -0.446288816092 
150 -0.446291955249 
151 -0.44629497046 
152 -0.446297887791 
153 -0.446300693353 
154 -0.446303392895 
155 -0.446305991837 
156 -0.446308495286 
157 -0.446310908057 
158 -0.446313234691 
159 -0.446315479471 
160 -0.446317646438 
161 -0.446319739403 
162 -0.446321761965 
163 -0.446323717519 
164 -0.446325624633 
165 -0.446327470677 
166 -0.446329258518 
167 -0.446330990868 
168 -0.446332670289 
169 -0.446334299201 
170 -0.446335879895 
171 -0.446337414537 
172 -0.446338905174 
173 -0.446340353747 
174 -0.446341762089 
175 -0.446343131939 
176 -0.446344464941 
177 -0.446345762654 
178 -0.446347026555 
179 -0.446348258043 
180 -0.446348258043 
181 -0.446350602811 
182 -0.446353136581 
183 -0.446354912986 
184 -0.446358305429 
185 -0.446360077193 
186 -0.446361794263 
187 -0.446363459212 
188 -0.44636507447 
189 -0.446366642331 
190 -0.446368164966 
191 -0.446369644422 
192 -0.446371082639 
193 -0.446372481449 
194 -0.446373842583 
195 -0.446375167682 
196 -0.446376458297 
197 -0.446377715897 
198 -0.446378941871 
199 -0.446380137537 
200 -0.446381304141 
201 -0.446382442867 
202 -0.446383554835 
203 -0.446384641106 
204 -0.446385702689 
205 -0.446386740541 
206 -0.446387755568 
207 -0.446388748632 
208 -0.446389720551 
209 -0.446390672103 
210 -0.446391604026 
211 -0.446392517023 
212 -0.446393411761 
213 -0.446394288875 
214 -0.446395148972 
215 -0.446395992625 
216 -0.446396820383 
217 -0.446397632769 
218 -0.44639843028 
219 -0.446399213391 
220 -0.446399982555 
221 -0.446400738203 
222 -0.446401480749 
223 -0.446402210585 
224 -0.446402928089 
225 -0.446402928089 
226 -0.44640420253 
227 -0.446405505967 
228 -0.446406501338 
229 -0.446407626824 
230 -0.446408644437 
231 -0.446409641122 
232 -0.446410617647 
233 -0.446411574739 
234 -0.446412513088 
235 -0.446413433352 
236 -0.446414336156 
237 -0.446415222095 
238 -0.446416091734 
239 -0.446416945614 
240 -0.446417784246 
241 -0.44641860812 
242 -0.446419417703 
243 -0.446420213439 
244 -0.446420995752 
245 -0.446421765047 
246 -0.446422521711 
247 -0.446423266113 
248 -0.446423998606 
249 -0.446424719527 
250 -0.446425429199 
251 -0.44642612793 
252 -0.446426816016 
253 -0.446427493741 
254 -0.446428161374 
255 -0.446428819176 
256 -0.446429467397 
257 -0.446430106275 
258 -0.44643073604 
259 -0.446431356912 
260 -0.446431969104 
261 -0.446432572818 
262 -0.44643316825 
263 -0.446433755588 
264 -0.446434335014 
265 -0.446434906703 
266 -0.446435470821 
267 -0.446436027532 
268 -0.446436576992 
269 -0.44643711935 
270 -0.44643711935 
271 -0.446437977298 
272 -0.44643883906 
273 -0.446439582311 
274 -0.446440327063 
275 -0.4464410939 
276 -0.446441848679 
277 -0.446442591745 
278 -0.446443323431 
279 -0.446444044052 
280 -0.446444753912 
281 -0.446445453298 
282 -0.446446142489 
283 -0.446446821749 
284 -0.446447491334 
285 -0.446448151487 
286 -0.446448802441 
287 -0.446449444421 
288 -0.446450077642 
289 -0.446450702311 
290 -0.446451318627 
291 -0.44645192678 
292 -0.446452526955 
293 -0.446453119329 
294 -0.44645370407 
295 -0.446454281344 
296 -0.446454851308 
297 -0.446455414115 
298 -0.446455969911 
299 -0.446456518839 
300 -0.446457061034 
301 -0.44645759663 
302 -0.446458125754 
303 -0.446458648529 
304 -0.446459165075 
305 -0.446459675508 
306 -0.446460179939 
307 -0.446460678477 
308 -0.446461171227 
309 -0.446461658291 
310 -0.446462139767 
311 -0.446462615751 
312 -0.446463086337 
313 -0.446463551615 
314 -0.446464011672 
315 -0.446464011672 
316 -0.446464659652 
317 -0.446465312128 
318 -0.446465919389 
319 -0.4464665288 
320 -0.446467176262 
321 -0.446467815023 
322 -0.446468445293 
323 -0.446469067274 
324 -0.44646968116 
325 -0.446470287136 
326 -0.446470885381 
327 -0.446471476068 
328 -0.446472059361 
329 -0.446472635421 
330 -0.446473204399 
331 -0.446473766445 
332 -0.446474321699 
333 -0.446474870301 
334 -0.446475412381 
335 -0.446475948068 
336 -0.446476477486 
337 -0.446477000754 
338 -0.446477517986 
339 -0.446478029296 
340 -0.446478534791 
341 -0.446479034574 
342 -0.446479528749 
343 -0.446480017412 
344 -0.446480500659 
345 -0.446480978582 
346 -0.446481451271 
347 -0.446481918813 
348 -0.446482381292 
349 -0.446482838789 
350 -0.446483291386 
351 -0.446483739158 
352 -0.446484182183 
353 -0.446484620532 
354 -0.446485054278 
355 -0.446485483491 
356 -0.446485908237 
357 -0.446486328583 
358 -0.446486744594 
359 -0.446487156333 
360 -0.446487156333 
361 -0.446487684644 
362 -0.446488221758 
363 -0.446488730777 
364 -0.446489243808 
365 -0.446489817502 
366 -0.44649038429 
367 -0.446490944319 
368 -0.44649149773 
369 -0.446492044659 
370 -0.446492585238 
371 -0.446493119592 
372 -0.446493647845 
373 -0.446494170114 
374 -0.446494686512 
375 -0.44649519715 
376 -0.446495702133 
377 -0.446496201565 
378 -0.446496695545 
379 -0.446497184169 
380 -0.446497667531 
381 -0.44649814572 
382 -0.446498618825 
383 -0.44649908693 
384 -0.446499550117 
385 -0.446500008468 
386 -0.446500462059 
387 -0.446500910965 
388 -0.446501355262 
389 -0.446501795018 
390 -0.446502230305 
391 -0.44650266119 
392 -0.446503087738 
393 -0.446503510014 
394 -0.44650392808 
395 -0.446504341998 
396 -0.446504751825 
397 -0.446505157621 
398 -0.446505559442 
399 -0.446505957343 
400 -0.446506351378 
401 -0.4465067416 
402 -0.44650712806 
403 -0.446507510809 
404 -0.446507889895 
405 -0.446507889895 
406 -0.446508345013 
407 -0.446508813497 
408 -0.446509265996 
409 -0.446509727313 
410 -0.446510253986 
411 -0.446510774787 
412 -0.446511289831 
413 -0.446511799232 
414 -0.446512303094 
415 -0.446512801523 
416 -0.446513294618 
417 -0.446513782476 
418 -0.44651426519 
419 -0.446514742852 
420 -0.446515215548 
421 -0.446515683364 
422 -0.446516146382 
423 -0.446516604681 
424 -0.446517058339 
425 -0.446517507431 
426 -0.44651795203 
427 -0.446518392206 
428 -0.446518828029 
429 -0.446519259564 
430 -0.446519686878 
431 -0.446520110032 
432 -0.44652052909 
433 -0.446520944109 
434 -0.44652135515 
435 -0.446521762269 
436 -0.446522165522 
437 -0.446522564961 
438 -0.446522960641 
439 -0.446523352613 
440 -0.446523740927 
441 -0.446524125631 
442 -0.446524506775 
443 -0.446524884405 
444 -0.446525258567 
445 -0.446525629306 
446 -0.446525996665 
447 -0.446526360688 
448 -0.446526734387 
449 -0.446527104636 
450 -0.446527104636 
451 -0.446527506952 
452 -0.446527921215 
453 -0.446528326032 
454 -0.446528739609 
455 -0.446529247576 
456 -0.44652975019 
457 -0.446530247547 
458 -0.446530739743 
459 -0.446531226869 
460 -0.446531709015 
461 -0.446532186266 
462 -0.446532658706 
463 -0.446533126415 
464 -0.446533589472 
465 -0.446534047952 
466 -0.446534501929 
467 -0.446534951475 
468 -0.446535396659 
469 -0.446535837548 
470 -0.446536274209 
471 -0.446536706706 
472 -0.446537135099 
473 -0.44653755945 
474 -0.446537979818 
475 -0.446538403468 
476 -0.446538829886 
477 -0.446539252313 
478 -0.446539670803 
479 -0.446540085411 
480 -0.446540496189 
481 -0.446540903189 
482 -0.446541306462 
483 -0.446541706057 
484 -0.446542102023 
485 -0.446542494407 
486 -0.446542883254 
487 -0.446543268611 
488 -0.446543650521 
489 -0.446544029029 
490 -0.446544404175 
491 -0.446544776003 
492 -0.446545144553 
493 -0.446545509865 
494 -0.446545871978 
495 -0.446545871978 
496 -0.446546271291 
497 -0.446546657903 
498 -0.446547038865 
499 -0.446547420809 
500 -0.446547914797 
501 -0.446548403912 
502 -0.446548888237 
503 -0.44654936785 
504 -0.446549842831 
505 -0.446550313252 
506 -0.446550779188 
507 -0.44655124071 
508 -0.446551697885 
509 -0.44655215078 
510 -0.44655259946 
511 -0.446553043989 
512 -0.446553484428 
513 -0.446553920835 
514 -0.44655435327 
515 -0.446554781788 
516 -0.446555206446 
517 -0.446555627297 
518 -0.446556044392 
519 -0.446556457784 
520 -0.446556867522 
521 -0.446557273655 
522 -0.446557676231 
523 -0.446558075296 
524 -0.446558470895 
525 -0.446558863073 
526 -0.446559251873 
527 -0.446559637338 
528 -0.44656001951 
529 -0.446560398428 
530 -0.446560774133 
531 -0.446561146664 
532 -0.44656151606 
533 -0.446561882357 
534 -0.446562245592 
535 -0.446562605801 
536 -0.44656296302 
537 -0.446563317284 
538 -0.446563668625 
539 -0.446564017078 
540 -0.446564017078 
541 -0.446564395557 
542 -0.446564773125 
543 -0.446565146961 
544 -0.44656551837 
545 -0.446565994922 
546 -0.44656646702 
547 -0.446566934738 
548 -0.446567398146 
549 -0.446567857312 
550 -0.446568312303 
551 -0.446568763183 
552 -0.446569210015 
553 -0.446569652859 
554 -0.446570091775 
555 -0.44657052682 
556 -0.446570958049 
557 -0.446571385518 
558 -0.446571809279 
559 -0.446572229383 
560 -0.446572645882 
561 -0.446573058823 
562 -0.446573468255 
563 -0.446573874223 
564 -0.446574276775 
565 -0.446574675953 
566 -0.446575071801 
567 -0.446575464362 
568 -0.446575853677 
569 -0.446576239786 
570 -0.446576622729 
571 -0.446577002545 
572 -0.446577379271 
573 -0.446577752945 
574 -0.446578123603 
575 -0.44657849128 
576 -0.446578856011 
577 -0.44657921783 
578 -0.446579576772 
579 -0.446579932868 
580 -0.44658028615 
581 -0.446580636651 
582 -0.446580984402 
583 -0.446581329432 
584 -0.446581671772 
585 -0.446581671772 
586 -0.446582023307 
587 -0.446582378498 
588 -0.446582730924 
589 -0.44658308579 
590 -0.44658355108 
591 -0.446584012224 
592 -0.446584469287 
593 -0.446584922333 
594 -0.446585371425 
595 -0.446585816623 
596 -0.446586257984 
597 -0.446586695566 
598 -0.446587129424 
599 -0.446587559612 
600 -0.446587986182 
601 -0.446588409184 
602 -0.446588828668 
603 -0.446589244682 
604 -0.446589657273 
605 -0.446590066487 
606 -0.446590472367 
607 -0.446590874959 
608 -0.446591274303 
609 -0.446591670442 
610 -0.446592063415 
611 -0.446592453263 
612 -0.446592840024 
613 -0.446593223735 
614 -0.446593604434 
615 -0.446593982157 
616 -0.446594356938 
617 -0.446594728814 
618 -0.446595097816 
619 -0.446595463979 
620 -0.446595827335 
621 -0.446596187915 
622 -0.446596545752 
623 -0.446596900875 
624 -0.446597253315 
625 -0.446597603101 
626 -0.446597950262 
627 -0.446598294826 
628 -0.446598636821 
629 -0.446598976275 
630 -0.446598976275 
631 -0.446599306422 
632 -0.446599642579 
633 -0.446599976461 
634 -0.446600315005 
635 -0.446600773096 
636 -0.446601227281 
637 -0.446601677619 
638 -0.446602124169 
639 -0.446602566988 
640 -0.446603006132 
641 -0.446603441654 
642 -0.446603873608 
643 -0.446604302043 
644 -0.446604727009 
645 -0.446605148554 
646 -0.446605566725 
647 -0.446605981568 
648 -0.446606393127 
649 -0.446606801446 
650 -0.446607206566 
651 -0.446607608528 
652 -0.446608007374 
653 -0.446608403142 
654 -0.44660879587 
655 -0.446609185596 
656 -0.446609572356 
657 -0.446609956186 
658 -0.446610337121 
659 -0.446610715196 
660 -0.446611090442 
661 -0.446611462895 
662 -0.446611832584 
663 -0.446612199542 
664 -0.4466125638 
665 -0.446612925387 
666 -0.446613284333 
667 -0.446613640667 
668 -0.446613994418 
669 -0.446614345613 
670 -0.446614694279 
671 -0.446615040444 
672 -0.446615384134 
673 -0.446615725374 
674 -0.44661606419 
675 -0.44661606419 
676 -0.446616377655 
677 -0.446616698071 
678 -0.44661701643 
679 -0.446617339972 
680 -0.446617793804 
681 -0.446618243922 
682 -0.44661869038 
683 -0.446619133235 
684 -0.446619572539 
685 -0.446620008344 
686 -0.446620440699 
687 -0.446620869655 
688 -0.446621295258 
689 -0.446621717554 
690 -0.446622136588 
691 -0.446622552404 
692 -0.446622965045 
693 -0.446623374551 
694 -0.446623780965 
695 -0.446624184323 
696 -0.446624584667 
697 -0.446624982032 
698 -0.446625376456 
699 -0.446625767974 
700 -0.446626156622 
701 -0.446626542433 
702 -0.446626925441 
703 -0.446627305679 
704 -0.446627683178 
705 -0.446628057971 
706 -0.446628430088 
707 -0.446628799558 
708 -0.446629166411 
709 -0.446629530676 
710 -0.446629892382 
711 -0.446630251555 
712 -0.446630608223 
713 -0.446630962413 
714 -0.446631314151 
715 -0.446631663462 
716 -0.446632010372 
717 -0.446632354905 
718 -0.446632697086 
719 -0.446633036938 
720 -0.446633036938 
721 -0.446633337058 
722 -0.446633644263 
723 -0.446633949481 
724 -0.446634259488 
725 -0.446634711226 
726 -0.446635159407 
727 -0.446635604084 
728 -0.446636045307 
729 -0.446636483129 
730 -0.446636917595 
731 -0.446637348755 
732 -0.446637776654 
733 -0.446638201336 
734 -0.446638622845 
735 -0.446639041223 
736 -0.446639456512 
737 -0.446639868751 
738 -0.44664027798 
739 -0.446640684237 
740 -0.446641087558 
741 -0.446641487982 
742 -0.446641885541 
743 -0.446642280273 
744 -0.446642672209 
745 -0.446643061384 
746 -0.446643447829 
747 -0.446643831576 
748 -0.446644212657 
749 -0.4466445911 
750 -0.446644966937 
751 -0.446645340195 
752 -0.446645710904 
753 -0.446646079091 
754 -0.446646444783 
755 -0.446646808007 
756 -0.446647168789 
757 -0.446647527155 
758 -0.446647883131 
759 -0.44664823674 
760 -0.446648588007 
761 -0.446648936956 
762 -0.446649283611 
763 -0.446649627994 
764 -0.446649970127 
765 -0.446649970127 
766 -0.446650259205 
767 -0.44665055507 
768 -0.446650848929 
769 -0.446651146718 
770 -0.446651597937 
771 -0.44665204573 
772 -0.446652490149 
773 -0.446652931242 
774 -0.446653369056 
775 -0.446653803639 
776 -0.446654235033 
777 -0.446654663283 
778 -0.446655088432 
779 -0.44665551052 
780 -0.446655929588 
781 -0.446656345674 
782 -0.446656758818 
783 -0.446657169055 
784 -0.446657576423 
785 -0.446657980956 
786 -0.446658382689 
787 -0.446658781657 
788 -0.446659177891 
789 -0.446659571424 
790 -0.446659962287 
791 -0.446660350512 
792 -0.446660736128 
793 -0.446661119164 
794 -0.44666149965 
795 -0.446661877613 
796 -0.446662253081 
797 -0.446662626082 
798 -0.446662996641 
799 -0.446663364785 
800 -0.446663730539 
801 -0.446664093928 
802 -0.446664454976 
803 -0.446664813708 
804 -0.446665170147 
805 -0.446665524316 
806 -0.446665876238 
807 -0.446666225935 
808 -0.446666573429 
809 -0.446666918742 
810 -0.446666918742 
811 -0.446667198347 
812 -0.44666748422 
813 -0.44666776802 
814 -0.446668054672 
815 -0.446668506469 
816 -0.446668954955 
817 -0.446669400178 
818 -0.446669842183 
819 -0.446670281018 
820 -0.446670716724 
821 -0.446671149346 
822 -0.446671578925 
823 -0.4466720055 
824 -0.446672429113 
825 -0.4466728498 
826 -0.446673267599 
827 -0.446673682547 
828 -0.446674094679 
829 -0.44667450403 
830 -0.446674910633 
831 -0.446675314523 
832 -0.44667571573 
833 -0.446676114287 
834 -0.446676510223 
835 -0.44667690357 
836 -0.446677294357 
837 -0.446677682612 
838 -0.446678068364 
839 -0.44667845164 
840 -0.446678832466 
841 -0.446679210871 
842 -0.446679586879 
843 -0.446679960515 
844 -0.446680331806 
845 -0.446680700774 
846 -0.446681067444 
847 -0.446681431839 
848 -0.446681793983 
849 -0.446682153898 
850 -0.446682511605 
851 -0.446682867128 
852 -0.446683220486 
853 -0.446683571702 
854 -0.446683920796 
855 -0.446683920796 
856 -0.446684191973 
857 -0.446684468802 
858 -0.446684743459 
859 -0.446685019809 
860 -0.446685472889 
861 -0.446685922758 
862 -0.446686369462 
863 -0.446686813044 
864 -0.44668725355 
865 -0.44668769102 
866 -0.446688125495 
867 -0.446688557017 
868 -0.446688985622 
869 -0.44668941135 
870 -0.446689834237 
871 -0.446690254319 
872 -0.446690671631 
873 -0.446691086206 
874 -0.44669149808 
875 -0.446691907282 
876 -0.446692313847 
877 -0.446692717804 
878 -0.446693119183 
879 -0.446693518015 
880 -0.446693914328 
881 -0.446694308151 
882 -0.446694699511 
883 -0.446695088434 
884 -0.446695474949 
885 -0.44669585908 
886 -0.446696240854 
887 -0.446696620294 
888 -0.446696997426 
889 -0.446697372272 
890 -0.446697744858 
891 -0.446698115205 
892 -0.446698483336 
893 -0.446698849274 
894 -0.446699213039 
895 -0.446699574654 
896 -0.446699934139 
897 -0.446700291515 
898 -0.446700646802 
899 -0.446701000019 
