0 0.054104435544 
1 -0.0597546682965 
2 -0.164713163319 
3 -0.276424634183 
4 -0.418026611079 
5 -0.41847927548 
6 -0.418918150307 
7 -0.419342961896 
8 -0.419753750754 
9 -0.420150747933 
10 -0.420534324315 
11 -0.420904931159 
12 -0.421263083275 
13 -0.421609418702 
14 -0.421944716046 
15 -0.422269878736 
16 -0.422585685461 
17 -0.422892402587 
18 -0.423189786211 
19 -0.423477523571 
20 -0.423755516327 
21 -0.424023879043 
22 -0.424282846163 
23 -0.424532710514 
24 -0.424773775851 
25 -0.425006352727 
26 -0.42523074727 
27 -0.42544725783 
28 -0.425656173519 
29 -0.425857773658 
30 -0.426052327653 
31 -0.426240095096 
32 -0.42642132597 
33 -0.426596260911 
34 -0.426765131496 
35 -0.426928160546 
36 -0.427085562427 
37 -0.427237543352 
38 -0.427384301679 
39 -0.427526028198 
40 -0.427662906419 
41 -0.427795112841 
42 -0.427922817223 
43 -0.428046182838 
44 -0.428165366729 
45 -0.428165366729 
46 -0.43448863357 
47 -0.438961700818 
48 -0.443039228404 
49 -0.443276498183 
50 -0.443304656128 
51 -0.443331394496 
52 -0.443356790114 
53 -0.443380915348 
54 -0.443403838378 
55 -0.443425623459 
56 -0.443446331165 
57 -0.443466018617 
58 -0.443484739698 
59 -0.443502545248 
60 -0.443519483254 
61 -0.443535599019 
62 -0.443550935328 
63 -0.443565532595 
64 -0.443579429004 
65 -0.443592660643 
66 -0.443605261626 
67 -0.443617264207 
68 -0.443628698889 
69 -0.443639594523 
70 -0.443649978408 
71 -0.443659876372 
72 -0.443669312864 
73 -0.443678311023 
74 -0.443686892762 
75 -0.443695078828 
76 -0.443702888872 
77 -0.443710341509 
78 -0.443717454376 
79 -0.443724244183 
80 -0.443730726771 
81 -0.443736917153 
82 -0.443742829562 
83 -0.443748477494 
84 -0.443753873749 
85 -0.443759030465 
86 -0.44376395916 
87 -0.443768670759 
88 -0.443773175632 
89 -0.443777483617 
90 -0.443777483617 
91 -0.443922163263 
92 -0.443964023314 
93 -0.444050098813 
94 -0.444119025205 
95 -0.4441299486 
96 -0.444140332624 
97 -0.44415020543 
98 -0.444159593611 
99 -0.444168522298 
100 -0.444177015243 
101 -0.444185094901 
102 -0.444192782507 
103 -0.444200098145 
104 -0.444207060814 
105 -0.444213688492 
106 -0.444219998194 
107 -0.444226006025 
108 -0.444231727232 
109 -0.444237176254 
110 -0.444242366764 
111 -0.444247311715 
112 -0.444252023379 
113 -0.444256513382 
114 -0.444260792744 
115 -0.444264871907 
116 -0.444268760773 
117 -0.444272468729 
118 -0.444276004673 
119 -0.444279377049 
120 -0.444282593861 
121 -0.444285662705 
122 -0.444288590786 
123 -0.444291384942 
124 -0.44429405166 
125 -0.4442965971 
126 -0.444299027107 
127 -0.444301347231 
128 -0.44430356274 
129 -0.44430567864 
130 -0.444307699683 
131 -0.444309630381 
132 -0.444311475024 
133 -0.444313237686 
134 -0.444314922236 
135 -0.444314922236 
136 -0.444348434239 
137 -0.444384856666 
138 -0.44441573677 
139 -0.444458025616 
140 -0.444462486411 
141 -0.444466720779 
142 -0.444470740744 
143 -0.444474557665 
144 -0.444478182272 
145 -0.444481624703 
146 -0.444484894536 
147 -0.444488000827 
148 -0.444490952131 
149 -0.444493756538 
150 -0.444496421698 
151 -0.444498954842 
152 -0.444501362811 
153 -0.444503652074 
154 -0.444505828753 
155 -0.444507898638 
156 -0.444509867209 
157 -0.444511739652 
158 -0.444513520875 
159 -0.444515215527 
160 -0.444516828006 
161 -0.444518362479 
162 -0.444519822892 
163 -0.444521212981 
164 -0.444522536286 
165 -0.444523796163 
166 -0.444524995789 
167 -0.444526138176 
168 -0.444527226178 
169 -0.444528262503 
170 -0.444529249715 
171 -0.444530190247 
172 -0.444531086406 
173 -0.444531940379 
174 -0.444532754242 
175 -0.444533529964 
176 -0.444534269412 
177 -0.444534974359 
178 -0.444535646486 
179 -0.444536287391 
180 -0.444536287391 
181 -0.444547196115 
182 -0.444566748577 
183 -0.444575892017 
184 -0.444594882199 
185 -0.44459651133 
186 -0.444598056472 
187 -0.44459952215 
188 -0.444600912633 
189 -0.444602231953 
190 -0.444603483912 
191 -0.444604672105 
192 -0.444605799922 
193 -0.444606870568 
194 -0.444607887068 
195 -0.444608852283 
196 -0.444609768912 
197 -0.444610639509 
198 -0.444611466487 
199 -0.444612252126 
200 -0.444612998583 
201 -0.444613707896 
202 -0.444614381994 
203 -0.4446150227 
204 -0.444615631739 
205 -0.444616210744 
206 -0.444616761258 
207 -0.444617284744 
208 -0.444617782584 
209 -0.444618256088 
210 -0.444618706496 
211 -0.444619134981 
212 -0.444619542656 
213 -0.444619930573 
214 -0.44462029973 
215 -0.444620651071 
216 -0.444620985492 
217 -0.444621303841 
218 -0.444621606922 
219 -0.444621895498 
220 -0.444622170291 
221 -0.444622431987 
222 -0.444622681234 
223 -0.444622918649 
224 -0.444623144816 
225 -0.444623144816 
226 -0.444626024021 
227 -0.444635325261 
228 -0.444638019984 
229 -0.444646197524 
230 -0.444646782609 
231 -0.444647336998 
232 -0.444647862381 
233 -0.44464836035 
234 -0.444648832407 
235 -0.444649279965 
236 -0.444649704359 
237 -0.444650106845 
238 -0.444650488611 
239 -0.444650850774 
240 -0.44465119439 
241 -0.444651520455 
242 -0.444651829908 
243 -0.444652123637 
244 -0.444652402479 
245 -0.444652667224 
246 -0.444652918619 
247 -0.44465315737 
248 -0.444653384142 
249 -0.444653599565 
250 -0.444653804234 
251 -0.444653998711 
252 -0.444654183527 
253 -0.444654359185 
254 -0.444654526159 
255 -0.4446546849 
256 -0.444654835831 
257 -0.444654979355 
258 -0.444655115851 
259 -0.444655245681 
260 -0.444655369184 
261 -0.444655486684 
262 -0.444655598484 
263 -0.444655704875 
264 -0.444655806129 
265 -0.444655902507 
266 -0.444655994253 
267 -0.4446560816 
268 -0.444656164769 
269 -0.444656243969 
270 -0.444656243969 
271 -0.444656730818 
272 -0.444660642562 
273 -0.44466171595 
274 -0.444664976511 
275 -0.444665174729 
276 -0.444665362316 
277 -0.444665539879 
278 -0.444665707986 
279 -0.444665867171 
280 -0.444666017937 
281 -0.444666160756 
282 -0.444666296074 
283 -0.444666424308 
284 -0.444666545851 
285 -0.444666661075 
286 -0.444666770328 
287 -0.444666873937 
288 -0.444666972214 
289 -0.444667065447 
290 -0.444667153913 
291 -0.44466723787 
292 -0.444667317561 
293 -0.444667393217 
294 -0.444667465054 
295 -0.444667533276 
296 -0.444667598077 
297 -0.444667659638 
298 -0.444667718131 
299 -0.444667773718 
300 -0.444667826552 
301 -0.444667876779 
302 -0.444667924533 
303 -0.444667969944 
304 -0.444668013135 
305 -0.444668054219 
306 -0.444668093307 
307 -0.4446681305 
308 -0.444668165897 
309 -0.444668199588 
310 -0.444668231662 
311 -0.4446682622 
312 -0.44466829128 
313 -0.444668318977 
314 -0.444668345359 
315 -0.444668345359 
316 -0.444668406621 
317 -0.444669870165 
318 -0.444670395658 
319 -0.444671692564 
320 -0.444671757314 
321 -0.44467181852 
322 -0.444671876392 
323 -0.444671931125 
324 -0.444671982903 
325 -0.444672031897 
326 -0.444672078268 
327 -0.444672122167 
328 -0.444672163737 
329 -0.44467220311 
330 -0.444672240412 
331 -0.444672275761 
332 -0.444672309265 
333 -0.44467234103 
334 -0.444672371152 
335 -0.444672399724 
336 -0.444672426831 
337 -0.444672452554 
338 -0.44467247697 
339 -0.444672500151 
340 -0.444672522163 
341 -0.444672543071 
342 -0.444672562935 
343 -0.44467258181 
344 -0.44467259975 
345 -0.444672616806 
346 -0.444672633023 
347 -0.444672648447 
348 -0.44467266312 
349 -0.444672677082 
350 -0.444672690369 
351 -0.444672703017 
352 -0.444672715059 
353 -0.444672726527 
354 -0.44467273745 
355 -0.444672747856 
356 -0.444672757773 
357 -0.444672767224 
358 -0.444672776234 
359 -0.444672784825 
360 -0.444672784825 
361 -0.444672825218 
362 -0.444673395829 
363 -0.444673666491 
364 -0.444674190568 
365 -0.444674212413 
366 -0.444674233042 
367 -0.444674252528 
368 -0.444674270941 
369 -0.444674288345 
370 -0.444674304801 
371 -0.444674320364 
372 -0.444674335089 
373 -0.444674349025 
374 -0.444674362218 
375 -0.444674374711 
376 -0.444674386546 
377 -0.44467439776 
378 -0.44467440839 
379 -0.444674418469 
380 -0.444674428028 
381 -0.444674437097 
382 -0.444674445704 
383 -0.444674453874 
384 -0.444674461633 
385 -0.444674469003 
386 -0.444674476006 
387 -0.444674482662 
388 -0.44467448899 
389 -0.444674495009 
390 -0.444674500734 
391 -0.444674506182 
392 -0.444674511368 
393 -0.444674516306 
394 -0.444674521009 
395 -0.444674525489 
396 -0.444674525489 
397 -0.444674565748 
398 -0.444674814328 
399 -0.444674953962 
400 -0.444675175831 
401 -0.444675185753 
402 -0.444675195112 
403 -0.444675203941 
404 -0.444675212274 
405 -0.444675220142 
406 -0.444675227573 
407 -0.444675234595 
408 -0.444675241232 
409 -0.444675247508 
410 -0.444675253445 
411 -0.444675259063 
412 -0.444675264382 
413 -0.444675269419 
414 -0.444675274191 
415 -0.444675278714 
416 -0.444675278714 
417 -0.444675310512 
418 -0.444675416851 
419 -0.444675488178 
420 -0.444675593135 
421 -0.444675600613 
422 -0.44467560765 
423 -0.444675614273 
424 -0.444675620511 
425 -0.444675626386 
426 -0.444675631924 
427 -0.444675637145 
428 -0.444675642069 
429 -0.444675646715 
430 -0.444675646715 
431 -0.444675673822 
432 -0.444675728711 
433 -0.444675764925 
434 -0.444675816241 
435 -0.444675822698 
436 -0.444675828763 
437 -0.444675834461 
438 -0.444675839818 
439 -0.444675844855 
440 -0.444675849593 
441 -0.444675854052 
442 -0.444675854052 
443 -0.4446758733 
444 -0.444675906394 
445 -0.444675927049 
446 -0.444675959037 
447 -0.444675964763 
448 -0.444675970134 
449 -0.444675975174 
450 -0.444675979905 
451 -0.444675979905 
452 -0.444675991462 
453 -0.444676009378 
454 -0.444676022413 
455 -0.444676034933 
456 -0.444676040286 
457 -0.444676045302 
458 -0.444676050004 
459 -0.444676050004 
460 -0.444676059074 
461 -0.444676067595 
462 -0.44467607663 
463 -0.444676087087 
464 -0.444676092176 
465 -0.444676096943 
466 -0.444676101409 
467 -0.444676101409 
468 -0.444676105562 
469 -0.444676112288 
470 -0.444676116428 
471 -0.444676123698 
472 -0.444676128369 
473 -0.444676128369 
474 -0.444676132296 
475 -0.444676135675 
476 -0.444676139972 
477 -0.444676142803 
478 -0.444676147472 
479 -0.444676147472 
480 -0.444676150617 
481 -0.444676153659 
482 -0.444676157079 
483 -0.444676159969 
484 -0.444676164613 
485 -0.444676164613 
486 -0.444676167247 
487 -0.444676170015 
488 -0.44467617289 
489 -0.444676175684 
490 -0.444676180288 
491 -0.444676180288 
492 -0.444676182559 
493 -0.444676185084 
494 -0.444676187577 
495 -0.444676190206 
496 -0.444676194757 
