0 0.192725641678 -0.0227134744237 -0.39642491326 -7.19284982652 23.6821909684 -1.20539884381e-07 
1 0.17865875948 -0.0230362205883 -0.402057896482 -7.20411579296 23.6294790998 -1.21283355213e-07 
2 0.166691960237 -0.0232288659675 -0.405420192638 -7.21084038528 23.5757009555 3.06864084054e-07 
3 0.155706573722 -0.0233570989108 -0.407658279708 -7.21531655942 23.5210303339 -1.31386594291e-08 
4 0.145166642042 -0.0234556800903 -0.40937884587 -7.21875769174 23.4659092994 1.55929430757e-07 
5 0.145166642042 -0.0234556800903 -0.40937884587 -7.21875769174 23.4659092994 1.55929430757e-07 
6 0.141001505123 -0.0235397087988 -0.4108454235 -7.221690847 23.4490433039 1.65154407979e-07 
7 0.136904069523 -0.0236199340695 -0.412245618617 -7.22449123723 23.4321855509 -7.09575773395e-08 
8 0.132866664802 -0.0236966890218 -0.413585245252 -7.2271704905 23.4153244378 7.58231909718e-09 
9 0.128882511351 -0.0237703156484 -0.414870272303 -7.22974054461 23.3984548978 -1.2780503887e-07 
10 0.12494836566 -0.0238410907816 -0.416105531405 -7.23221106281 23.3815868567 -1.14745356302e-07 
11 0.121059899441 -0.0239092777832 -0.417295619092 -7.23459123818 23.3647219908 -3.37623374065e-08 
12 0.117213282381 -0.023975103104 -0.41844448767 -7.23688897534 23.3478610628 -5.42121610846e-08 
13 0.113405270982 -0.0240387650322 -0.419555597924 -7.23911119585 23.3310054307 -1.59267488749e-07 
14 0.109633563991 -0.0241004124758 -0.420631548792 -7.24126309758 23.3141569549 8.45789356174e-08 
15 0.105895483271 -0.0241602200293 -0.421675387518 -7.24335077504 23.2973179424 -5.30849630052e-08 
16 0.10218849203 -0.0242183598735 -0.422690119225 -7.24538023845 23.2804913203 -5.53191901681e-08 
17 0.0985100089118 -0.0242750046776 -0.423678757561 -7.24735751512 23.2636797905 -1.01962504531e-07 
18 0.0948584615358 -0.0243302651585 -0.424643234899 -7.2492864698 23.2468856027 4.12371733598e-08 
19 0.0912328393137 -0.0243842156138 -0.425584847978 -7.25116969596 23.2301105456 -5.58411100838e-08 
20 0.0876331567688 -0.0244368849623 -0.426504101523 -7.25300820305 23.2133578643 -8.78981879593e-08 
21 0.0840592974446 -0.0244883019976 -0.427401498081 -7.25480299616 23.196629972 -9.7923450347e-08 
22 0.080511147484 -0.02453849999 -0.428277618326 -7.25655523665 23.1799297863 -1.0032882012e-07 
23 0.0769888247083 -0.0245874997096 -0.429132824765 -7.25826564953 23.1632603092 -4.34673551997e-08 
24 0.0734872791869 -0.0246354684744 -0.42997003765 -7.2599400753 23.1466082302 -1.3386421248e-08 
25 0.0700102986441 -0.0246823465094 -0.430788213707 -7.26157642741 23.1299907022 -2.48536759809e-08 
26 0.066557360347 -0.0247281732998 -0.431588042085 -7.26317608417 23.1134087652 -3.05012269319e-08 
27 0.0631259509913 -0.0247730548126 -0.432371372258 -7.26474274452 23.0968582703 -2.74979296812e-09 
28 0.0597142953214 -0.0248170811853 -0.433139777418 -7.26627955484 23.0803379546 -1.99977736328e-09 
29 0.0563214912182 -0.0248603137218 -0.433894327525 -7.26778865505 23.0638488671 3.11577057942e-09 
30 0.0529471772864 -0.0249027976445 -0.434635811854 -7.26927162371 23.0473936821 2.34254297684e-08 
31 0.0495913935643 -0.0249445647389 -0.435364785171 -7.27072957034 23.0309761171 2.35466796374e-08 
32 0.046254624528 -0.0249856279605 -0.43608147359 -7.27216294718 23.0146006132 2.50803243227e-08 
33 0.0429377402964 -0.0250259842744 -0.436785824141 -7.27357164828 22.9982722777 1.09734289402e-08 
34 0.0396417112864 -0.0250656225623 -0.437477642774 -7.27495528555 22.9819959629 1.50720601398e-08 
35 0.0363670553072 -0.0251045412787 -0.438156902516 -7.27631380503 22.9657747364 1.56326717594e-08 
36 0.0331133965361 -0.0251427613879 -0.438823969262 -7.27764793852 22.9496085362 1.58638934931e-08 
37 0.0298793923117 -0.0251803296523 -0.43947965917 -7.27895931834 22.9334940718 -1.50297389294e-11 
38 0.0266638684663 -0.0252172786198 -0.440124540308 -7.28024908062 22.9174275548 -3.89293512784e-09 
39 0.0234632549318 -0.0252537359447 -0.440760840664 -7.28152168133 22.9014005975 1.23867920924e-09 
40 0.0202842066467 -0.0252895296474 -0.441385558628 -7.28277111726 22.885436033 6.87272238512e-09 
41 0.0171216823873 -0.0253247976571 -0.442001101519 -7.28400220304 22.8695173994 1.58769673726e-08 
42 0.0139782183021 -0.0253595056119 -0.442606869606 -7.28521373921 22.8536567994 -1.70472022731e-09 
43 0.0108500050159 -0.025393743834 -0.443204439311 -7.28640887862 22.837840277 -4.79315395033e-08 
44 0.00774075051434 -0.0254274355561 -0.443792470793 -7.28758494159 22.8220826332 -1.27684694522e-08 
45 0.00464761434733 -0.0254606628331 -0.444372396177 -7.28874479235 22.8063750658 -1.21244189788e-08 
46 0.00156983155914 -0.0254934431717 -0.444944521017 -7.28988904203 22.7907147036 3.31966411639e-08 
47 -0.00149246176538 -0.0255257663656 -0.445508667175 -7.29101733435 22.7751012838 3.31139263762e-08 
48 -0.00453857927322 -0.0255576420027 -0.446065001994 -7.29213000399 22.759540142 -4.98495066908e-09 
49 -0.0075689985789 -0.0255890621889 -0.446613387693 -7.29322677539 22.744027432 -2.37141832272e-09 
50 -0.0105851303378 -0.0256200460176 -0.447154157519 -7.29430831504 22.7285564199 -2.93140476293e-08 
51 -0.0135866375664 -0.0256505999234 -0.447687423775 -7.29537484755 22.7131299138 -4.4789528823e-08 
52 -0.0165734078127 -0.0256807245583 -0.448213197841 -7.29642639568 22.6977486877 -4.96967287136e-09 
53 -0.0195443518339 -0.0257104291597 -0.448731640938 -7.29746328188 22.6824205569 -3.46591710561e-08 
54 -0.0225016656094 -0.0257397658457 -0.449243662701 -7.2984873254 22.6671374818 -2.53878208308e-08 
55 -0.0254454397215 -0.0257686759861 -0.449748239837 -7.29949647967 22.6518925007 1.17424250295e-08 
56 -0.0283759397227 -0.0257971739847 -0.450245623742 -7.30049124748 22.6366855251 -1.33046110251e-08 
57 -0.0312945441737 -0.0258252695392 -0.450735983673 -7.30147196735 22.6215089969 -1.27335154298e-09 
58 -0.0342004111485 -0.0258529491999 -0.45121908489 -7.30243816978 22.6063667109 -1.7844513964e-12 
59 -0.037084952638 -0.0258802184315 -0.451695022765 -7.30339004553 22.5913129383 2.02902853255e-08 
60 -0.039960518907 -0.025907169571 -0.452165408886 -7.30433081777 22.5762805624 4.42820443276e-08 
61 -0.0428193075975 -0.025933756546 -0.452629439139 -7.30525887828 22.5613133221 1.71616550507e-08 
62 -0.0456626666529 -0.0259600374393 -0.453088127257 -7.30617625451 22.5464091288 -1.13583371637e-08 
63 -0.0484940299768 -0.0259859508466 -0.453540401535 -7.30708080307 22.5315398222 -4.68737746815e-08 
64 -0.0513091102099 -0.0260114569644 -0.453985567269 -7.30797113454 22.5167278566 -7.51364808454e-08 
65 -0.0541109644448 -0.0260366104559 -0.454424578514 -7.30884915703 22.5019600879 -9.21987311997e-09 
66 -0.0568977830908 -0.0260613918635 -0.45485709567 -7.30971419134 22.4872457036 -4.17996705167e-08 
67 -0.0596712344937 -0.0260858587251 -0.455284122964 -7.31056824593 22.4725805529 -4.79802896229e-08 
68 -0.0624303018542 -0.0261099718122 -0.455704975725 -7.31140995145 22.4579667117 -4.60395364467e-08 
69 -0.0651667136832 -0.0261337487726 -0.456119961971 -7.31223992394 22.4434578018 -5.4858574915e-08 
70 -0.067891554485 -0.0261571034166 -0.456527577404 -7.31305515481 22.4289751432 -6.03886990023e-08 
71 -0.0706049306449 -0.0261801142001 -0.45692919134 -7.31385838268 22.4145266293 -6.01913876739e-08 
72 -0.0733063628278 -0.0262028609691 -0.457326197353 -7.31465239471 22.4001239658 -5.86328114307e-08 
73 -0.0759890315441 -0.0262252335733 -0.457716672959 -7.31543334592 22.3857977588 -1.05929159263e-07 
74 -0.0786535573431 -0.0262473028009 -0.458101853643 -7.31620370729 22.3715518519 -7.73705307575e-08 
75 -0.0813023575503 -0.0262690044503 -0.458480618878 -7.31696123776 22.3573641333 -2.22710247456e-08 
76 -0.0839394406098 -0.0262903523893 -0.458853210704 -7.31770642141 22.3432110631 -1.95134708492e-08 
77 -0.0865662064852 -0.026311370376 -0.459220043773 -7.31844008755 22.329086483 4.75571424592e-08 
78 -0.0891791992921 -0.0263320477428 -0.459580931905 -7.31916186381 22.3150108288 4.76408491573e-08 
79 -0.0917780628164 -0.0263524190652 -0.459936478553 -7.31987295711 22.3009900984 8.28447726152e-08 
80 -0.0943626275278 -0.026372468707 -0.460286410817 -7.32057282163 22.2870236456 8.28831240827e-08 
81 -0.0969318823093 -0.0263922148213 -0.460631045525 -7.32126209105 22.2731197701 8.06552400105e-08 
82 -0.0994876437704 -0.0264116901789 -0.460970954638 -7.32194190928 22.2592706929 8.1309724518e-08 
83 -0.102029702321 -0.0264308657811 -0.461305632033 -7.32261126407 22.2454745607 8.26991868234e-08 
84 -0.104558092644 -0.0264497313816 -0.461634898878 -7.32326979776 22.231730039 8.5844957947e-08 
85 -0.107072479378 -0.026468294901 -0.461958893411 -7.32391778682 22.2180400877 8.63791927843e-08 
86 -0.109572836507 -0.0264865866565 -0.462278144771 -7.32455628954 22.2044081766 1.08459849175e-07 
87 -0.112058691256 -0.0265045956619 -0.46259246121 -7.32518492242 22.1908360622 1.0904758673e-07 
88 -0.114531292587 -0.0265223893713 -0.462903020025 -7.32580604005 22.1773232965 1.09584088895e-07 
89 -0.116988683911 -0.0265399038732 -0.463208705751 -7.3264174115 22.1638751365 1.09988211525e-07 
90 -0.119431532416 -0.026557203779 -0.463510646067 -7.32702129213 22.1504944603 1.24062501437e-07 
91 -0.121862395535 -0.0265743787924 -0.4638104066 -7.3276208132 22.1371750692 1.10921043206e-07 
92 -0.124278857078 -0.0265912295208 -0.464104507291 -7.32820901458 22.1239103138 8.94242804115e-08 
93 -0.126682179942 -0.0266078674325 -0.464394893631 -7.32878978726 22.1107044606 7.54889320083e-08 
94 -0.12907327329 -0.0266243053741 -0.464681789835 -7.32936357967 22.0975532284 8.56513116153e-08 
95 -0.131449449384 -0.0266405388137 -0.464965116805 -7.32993023361 22.0844729214 1.0079586517e-07 
96 -0.133814993508 -0.0266566547691 -0.465246393288 -7.33049278658 22.0714462486 5.82222434292e-08 
97 -0.136167765562 -0.0266724532751 -0.465522129235 -7.33104425847 22.058464773 3.45602176524e-08 
98 -0.138506567945 -0.0266880729934 -0.465794744748 -7.3315894895 22.045551105 3.38048697197e-08 
99 -0.1408368272 -0.026703533923 -0.466064588875 -7.33212917775 22.0326735105 3.09246905448e-08 
100 -0.143152396698 -0.0267187310874 -0.466329829431 -7.33265965886 22.0198589546 3.09667623496e-08 
101 -0.145454245537 -0.0267337408735 -0.466591799618 -7.33318359924 22.007109713 3.72999479001e-08 
102 -0.147744320808 -0.0267485370314 -0.46685004129 -7.33370008258 21.994410753 5.04188837041e-08 
103 -0.150023787423 -0.0267630723189 -0.467103729913 -7.33420745983 21.9817496406 4.62169321712e-08 
104 -0.152289082747 -0.0267774076191 -0.467353928102 -7.3347078562 21.9691552835 4.92422928624e-08 
105 -0.154543051092 -0.0267915393367 -0.467600573103 -7.33520114621 21.9566095126 5.02557605511e-08 
106 -0.156787467693 -0.0268054753264 -0.467843802008 -7.33568760402 21.9441020895 4.39061781988e-08 
107 -0.159023124016 -0.0268192196208 -0.468083685199 -7.3361673704 21.9316285074 6.50285443664e-08 
108 -0.161247187939 -0.0268327601598 -0.468320012186 -7.33664002437 21.9192051515 6.09212271493e-08 
109 -0.163458487119 -0.0268461298359 -0.468553357054 -7.33710671411 21.9068429371 6.28654076698e-08 
110 -0.165657728745 -0.0268593222834 -0.468783608699 -7.3375672174 21.8945367497 1.21743624673e-07 
111 -0.167846223741 -0.0268723422617 -0.46901085019 -7.33802170038 21.8822789153 1.25206144513e-07 
112 -0.170019721874 -0.0268851618919 -0.469234594946 -7.33846918989 21.8700929567 9.02260028483e-08 
113 -0.172182237803 -0.0268978390048 -0.469455852305 -7.33891170461 21.8579600906 9.12365548826e-08 
114 -0.174334664961 -0.0269103772083 -0.469674685239 -7.33934937048 21.8458751267 6.3341048945e-08 
115 -0.176476370635 -0.0269226821976 -0.469889447815 -7.33977889563 21.8338317324 1.03711225861e-07 
116 -0.178608314302 -0.0269348264684 -0.470101405327 -7.34020281065 21.8218318189 1.0553765334e-07 
117 -0.180729747317 -0.0269467504519 -0.470309518098 -7.3406190362 21.8098735674 1.1156953498e-07 
118 -0.182842011329 -0.0269584908549 -0.470514426787 -7.34102885357 21.7979525966 1.39552903725e-08 
119 -0.184941863745 -0.0269700529335 -0.470716223126 -7.34143244625 21.7860897461 8.3523901259e-09 
120 -0.187035076082 -0.0269814589828 -0.470915296242 -7.34183059248 21.774251376 6.5311757304e-09 
121 -0.189117069926 -0.0269925860636 -0.471109500437 -7.34221900087 21.7624526907 1.07945932729e-08 
122 -0.191187213448 -0.0270035634426 -0.471301091844 -7.34260218369 21.75071174 -5.21642564477e-09 
123 -0.193245240304 -0.0270143180374 -0.471488794933 -7.34297758987 21.7390222164 -3.95691134341e-08 
124 -0.195291501388 -0.0270249191209 -0.471673818745 -7.34334763749 21.7273894835 -3.83133161604e-08 
125 -0.19732691954 -0.0270352917506 -0.471854855285 -7.34370971057 21.7157995984 -3.35637101458e-08 
126 -0.199352480676 -0.0270455224717 -0.472033415054 -7.34406683011 21.7042558399 -3.58242690817e-08 
127 -0.201365554035 -0.0270556150212 -0.472209563272 -7.34441912654 21.6927750577 -3.21746748437e-08 
128 -0.20337101827 -0.0270655766159 -0.472383425898 -7.3447668518 21.6813275477 -3.03714870573e-08 
129 -0.205367278254 -0.0270753039629 -0.472553200132 -7.34510640026 21.6699120117 -2.86656215124e-08 
130 -0.207354540778 -0.0270848830848 -0.472720387348 -7.3454407747 21.6585365411 6.96810611002e-08 
131 -0.209331389141 -0.0270942708952 -0.472884235548 -7.3457684711 21.64720529 6.92578563686e-08 
132 -0.211297081771 -0.0271035070486 -0.473045436836 -7.34609087367 21.6359272192 7.15430408254e-08 
133 -0.213251143838 -0.027112639939 -0.473204835843 -7.34640967169 21.624710575 7.1526324759e-08 
134 -0.215195453817 -0.0271215909391 -0.473361060266 -7.34672212053 21.6135350403 7.16937148133e-08 
135 -0.217125482068 -0.0271303996013 -0.473514800425 -7.34702960085 21.6024332397 6.82768178067e-08 
136 -0.219046088186 -0.0271391087922 -0.473666804481 -7.34733360896 21.5913794768 6.95632200776e-08 
137 -0.220955228354 -0.0271476811146 -0.473816419732 -7.34763283946 21.5803824461 6.83343694237e-08 
138 -0.222856585485 -0.0271561729442 -0.473964630116 -7.34792926023 21.5694252789 7.01526786787e-08 
139 -0.224750437509 -0.0271644870229 -0.474109738165 -7.34821947633 21.5584956291 7.26272960346e-08 
140 -0.226636643721 -0.0271726788397 -0.47425271234 -7.34850542468 21.5476004289 7.20867025155e-08 
141 -0.228511013558 -0.0271806881394 -0.474392500991 -7.34878500198 21.5367592965 7.26182411378e-08 
142 -0.230383992671 -0.0271886518747 -0.474531494392 -7.34906298878 21.5259218858 7.228514984e-08 
143 -0.232235168806 -0.0271963617937 -0.474666057864 -7.34933211573 21.5151930566 6.95568272288e-08 
144 -0.234080944272 -0.0272039910486 -0.474799213481 -7.34959842696 21.5044891826 1.73467940708e-08 
145 -0.23591345768 -0.027211445736 -0.47492932232 -7.34985864464 21.493849154 1.51986997333e-08 
146 -0.237739916984 -0.0272187985523 -0.475057653175 -7.35011530635 21.4832358512 1.55426518989e-08 
147 -0.239559662109 -0.0272259610631 -0.47518266257 -7.35036532514 21.4726437529 3.62808893178e-08 
148 -0.241370077513 -0.027233032005 -0.475306073789 -7.35061214758 21.4620999767 3.82730203952e-08 
149 -0.243168644411 -0.027239925103 -0.475426381044 -7.35085276209 21.451610854 4.10514727385e-08 
150 -0.244957012688 -0.0272466794905 -0.475544267345 -7.35108853469 21.4411703416 3.96700148921e-08 
151 -0.246732017701 -0.0272532869706 -0.475659589627 -7.35131917925 21.4307973245 3.94811294501e-08 
152 -0.248505229842 -0.0272597459932 -0.475772320839 -7.35154464168 21.4204193187 1.44240066981e-07 
153 -0.248505229842 -0.0272597459932 -0.475772320839 -7.35154464168 21.4204193187 1.44240066981e-07 
154 -0.250087737407 -0.0272666151888 -0.475892210918 -7.35178442184 21.4112779594 1.53672728656e-07 
155 -0.251665424437 -0.0272732859217 -0.476008637172 -7.35201727434 21.4021450796 1.54194827993e-07 
156 -0.253236405639 -0.027279726664 -0.476121049331 -7.35224209866 21.3930290231 1.55060041873e-07 
157 -0.254800397312 -0.0272860706761 -0.47623177323 -7.35246354646 21.3839460995 1.54324102333e-07 
158 -0.256347432863 -0.027292115683 -0.476337278504 -7.35267455701 21.3749365353 1.5290090661e-07 
159 -0.257889008348 -0.0272980399045 -0.476440675675 -7.35288135135 21.3659479208 1.46558908951e-07 
160 -0.259419945892 -0.0273037882016 -0.476541002384 -7.35308200477 21.3570066031 9.94290279795e-08 
161 -0.260953237286 -0.0273095102299 -0.476640870618 -7.35328174124 21.3480477083 1.05048117075e-07 
162 -0.262470758965 -0.027314979296 -0.476736323829 -7.35347264766 21.3391597804 1.17824592711e-07 
163 -0.26398369621 -0.0273203373425 -0.476829839383 -7.35365967877 21.3302883948 1.22903759123e-07 
164 -0.265485305741 -0.0273255600645 -0.476920993078 -7.35384198616 21.3214730459 1.21609379593e-07 
165 -0.266985155818 -0.0273307786391 -0.477012074386 -7.35402414877 21.312668241 1.22919946352e-07 
166 -0.268478995308 -0.0273358372317 -0.477100363482 -7.35420072696 21.3038835511 1.23757282794e-07 
167 -0.269971313324 -0.0273407246542 -0.477185665097 -7.35437133019 21.2950896986 2.75134710872e-08 
168 -0.269971313324 -0.0273407246542 -0.477185665097 -7.35437133019 21.2950896986 2.75134710872e-08 
169 -0.270932702639 -0.02734577549 -0.477273818812 -7.35454763762 21.2896319761 2.71968437605e-08 
170 -0.271887888975 -0.0273506800959 -0.477359420333 -7.35471884067 21.284197071 4.04140103516e-09 
171 -0.272838649973 -0.0273554365677 -0.477442436427 -7.35488487285 21.2787736653 2.51516506899e-09 
172 -0.273785197525 -0.0273600503777 -0.477522962603 -7.35504592521 21.2733610317 2.58449853878e-09 
173 -0.274729891411 -0.0273645091331 -0.477600782564 -7.35520156513 21.2679430697 -9.65076304074e-09 
174 -0.275669904714 -0.0273688664267 -0.477676831684 -7.35535366337 21.2625432936 -7.86308020465e-09 
175 -0.276606266112 -0.0273731052002 -0.477750812239 -7.35550162448 21.2571534133 -9.0502549904e-09 
176 -0.277537131187 -0.0273771907854 -0.477822119152 -7.3556442383 21.2517811748 -1.48965066728e-08 
177 -0.278463000534 -0.0273811851944 -0.47789183474 -7.35578366948 21.2464302138 8.90868280737e-08 
178 -0.279390305251 -0.0273851190697 -0.477960493816 -7.35592098763 21.2410636785 8.53708547616e-08 
179 -0.280311189776 -0.0273889502687 -0.478027360853 -7.35605472171 21.2357260692 8.40773727517e-08 
180 -0.281227363211 -0.0273926493665 -0.478091922289 -7.35618384458 21.2304034942 5.49430614638e-08 
181 -0.282138243264 -0.0273962773573 -0.478155242674 -7.35631048535 21.2251062463 5.48853079907e-08 
182 -0.283045332915 -0.0273998140404 -0.478216969439 -7.35643393888 21.2198227283 5.43265479624e-08 
183 -0.283952148264 -0.0274032982398 -0.478277780191 -7.35655556038 21.2145351995 9.0757733232e-08 
184 -0.284853631086 -0.0274067079259 -0.47833729044 -7.35667458088 21.209272871 8.95226791109e-08 
185 -0.285751970286 -0.0274100221346 -0.478395134293 -7.35679026859 21.204019775 9.18630410797e-08 
186 -0.28664649447 -0.027413273884 -0.478451888027 -7.35690377605 21.1987837097 -1.95801708681e-08 
187 -0.287539080161 -0.0274164547592 -0.478507404771 -7.35701480954 21.1935520288 -2.05963717503e-08 
188 -0.288428795425 -0.0274196001767 -0.478562302664 -7.35712460533 21.1883344202 -1.96293671063e-08 
189 -0.289314649208 -0.0274226754382 -0.478615976102 -7.3572319522 21.1831332931 3.91905634991e-08 
190 -0.290201218541 -0.0274256834007 -0.478668474951 -7.3573369499 21.1779203526 8.28762358835e-08 
191 -0.291082237234 -0.027428619111 -0.478719712762 -7.35743942552 21.172734222 8.07357666374e-08 
192 -0.291960010121 -0.027431490575 -0.478769829264 -7.35753965853 21.1675613696 7.92620589909e-08 
193 -0.292833301354 -0.0274343009079 -0.478818878826 -7.35763775765 21.1624098592 9.7159026513e-08 
194 -0.293707547681 -0.027437061407 -0.478867058624 -7.35773411725 21.1572469434 9.65251495129e-08 
195 -0.294579447248 -0.0274397561341 -0.478914090485 -7.35782818097 21.1520915202 9.72006913774e-08 
196 -0.295447164546 -0.0274424117964 -0.478960440535 -7.35792088107 21.1469579749 9.84636941328e-08 
197 -0.29631009727 -0.0274450216197 -0.479005990544 -7.35801198109 21.141849333 1.00069390666e-07 
198 -0.297171101117 -0.0274475838899 -0.479050710597 -7.35810142119 21.1367475592 1.02227860429e-07 
199 -0.298028947853 -0.0274500950269 -0.479094538204 -7.35818907641 21.1316599397 1.04565102671e-07 
200 -0.298883907243 -0.027452555209 -0.479137476483 -7.35827495297 21.1265848077 1.06056905864e-07 
201 -0.299741288354 -0.0274550121069 -0.47918035744 -7.35836071488 21.1214941818 1.06649059055e-07 
202 -0.300590590881 -0.0274573707258 -0.479221523107 -7.35844304621 21.1164433264 1.085501125e-07 
203 -0.301437665366 -0.0274596964367 -0.479262114419 -7.35852422884 21.1114028066 1.10051637835e-07 
204 -0.302281954494 -0.0274619694764 -0.479301786445 -7.35860357289 21.1063739497 1.10606870943e-07 
205 -0.303126631427 -0.0274642598245 -0.479341760561 -7.35868352112 21.1013445571 1.11736573423e-07 
206 -0.303965806719 -0.0274664574664 -0.479380116648 -7.3587602333 21.0963394371 1.13031369419e-07 
207 -0.304803011379 -0.0274686460338 -0.479418314355 -7.35883662871 21.0913456436 1.14783775535e-07 
208 -0.305637301811 -0.027470766444 -0.479455322494 -7.35891064499 21.0863626293 1.15865200216e-07 
209 -0.306467767193 -0.027472842756 -0.479491560975 -7.35898312195 21.0813987111 1.24243163353e-07 
210 -0.307298123112 -0.027474880005 -0.479527117678 -7.35905423536 21.076431216 1.24827228124e-07 
211 -0.308122374316 -0.0274768697887 -0.479561845955 -7.35912369191 21.0714966977 1.25859649779e-07 
212 -0.308945050521 -0.0274788316785 -0.479596087391 -7.35919217478 21.0665689804 1.26767162996e-07 
213 -0.309765018644 -0.0274807485569 -0.479629543231 -7.35925908646 21.0616532787 1.28004402016e-07 
214 -0.310583266521 -0.0274826568358 -0.47966284898 -7.35932569796 21.0567473904 1.01517496991e-07 
215 -0.311400382303 -0.027484537605 -0.479695674596 -7.35939134919 21.0518455768 1.02624728948e-07 
216 -0.312216979354 -0.0274863886589 -0.479727981581 -7.35945596316 21.0469437639 1.04239462317e-07 
217 -0.313031376097 -0.0274882074478 -0.479759725436 -7.35951945087 21.0420521834 1.05811669376e-07 
218 -0.313841908713 -0.0274899898501 -0.479790834224 -7.35958166845 21.0371807844 1.10488540126e-07 
219 -0.31465092043 -0.0274917348707 -0.479821290579 -7.35964258116 21.0323148134 1.12071966389e-07 
220 -0.315457483053 -0.0274934645453 -0.479851479096 -7.35970295819 21.0274624753 1.13477857377e-07 
221 -0.316263142947 -0.0274951685397 -0.479881219408 -7.35976243882 21.0226129779 1.69635591544e-07 
