0 -0.457559399611 -0.0322818453071 -0.563424489228 -7.52684897846 20.6616568101 -2.92816026605e-07 
1 -0.463218765827 -0.0325950394065 -0.568890757461 -7.53778151492 20.6604499477 -1.42317079936e-07 
2 -0.468257933741 -0.032873829623 -0.57375656466 -7.54751312932 20.6593664432 -2.83110093046e-07 
3 -0.472705025822 -0.0331179383116 -0.57801706501 -7.55603413002 20.6582002449 7.23129037811e-08 
4 -0.476636031932 -0.0333319065119 -0.5817515146 -7.5635030292 20.6569717667 1.35624286219e-07 
5 -0.480110026698 -0.0335191292114 -0.585019167141 -7.57003833428 20.6556821278 1.77015342523e-07 
6 -0.483196091488 -0.0336835828489 -0.587889424582 -7.57577884916 20.6543333318 2.05400882368e-07 
7 -0.485942169892 -0.033828036156 -0.590410610406 -7.58082122081 20.6529277532 2.51677708832e-07 
8 -0.488396027599 -0.0339551212814 -0.592628664274 -7.58525732855 20.6514539792 2.28854065953e-07 
9 -0.490597703227 -0.034067090082 -0.594582888504 -7.58916577701 20.649907408 2.16364532041e-07 
10 -0.492578761681 -0.0341657827272 -0.59630540011 -7.59261080022 20.6482914902 2.96918681292e-07 
11 -0.49437028022 -0.0342529142983 -0.597826132909 -7.59565226582 20.6465990793 2.12356761153e-07 
12 -0.495996311192 -0.0343298996834 -0.599169781355 -7.59833956271 20.6448341885 1.48162333443e-07 
13 -0.497479121092 -0.0343980268523 -0.600358824762 -7.60071764952 20.6429981479 1.64814636866e-08 
14 -0.498836745078 -0.0344583320635 -0.601411349253 -7.60282269851 20.6410912761 -7.11223713612e-08 
15 -0.500087342845 -0.0345117994472 -0.602344531142 -7.60468906228 20.6391074269 7.4928605677e-08 
16 -0.501244931513 -0.0345592439572 -0.603172594054 -7.60634518811 20.6370478909 1.56170298035e-07 
17 -0.502321007571 -0.0346013869692 -0.60390812837 -7.60781625674 20.634919505 2.20683574975e-07 
18 -0.503326851123 -0.0346388638922 -0.604562224068 -7.60912444814 20.6327210809 2.10452193601e-07 
19 -0.504271431767 -0.0346722070424 -0.605144171822 -7.61028834364 20.6304546253 2.01678197672e-07 
20 -0.505163639017 -0.0347019170429 -0.605662709153 -7.61132541831 20.6281191884 5.76407622291e-08 
21 -0.506010363713 -0.0347284370762 -0.606125571051 -7.6122511421 20.6257200459 -1.00303368931e-07 
22 -0.506816906884 -0.0347521161549 -0.606538848939 -7.61307769788 20.6232621378 -1.85296181375e-07 
23 -0.507588367782 -0.0347732819501 -0.606908261753 -7.61381652351 20.6207493373 -2.14899996507e-07 
24 -0.508329152141 -0.0347922095505 -0.607238610699 -7.6144772214 20.618184116 -1.23687541554e-07 
25 -0.509043457814 -0.034809159424 -0.6075344418 -7.6150688836 20.6155686499 -2.22526634063e-07 
26 -0.50973411171 -0.034824344949 -0.60779947921 -7.61559895842 20.6129085469 -1.44339232014e-07 
27 -0.510404537251 -0.0348379274779 -0.608036539061 -7.61607307812 20.6102000113 -9.97016356629e-08 
28 -0.511057311012 -0.0348501027632 -0.608249037876 -7.61649807575 20.6074482929 -8.95479487532e-08 
29 -0.511694722675 -0.0348610081002 -0.608439371912 -7.61687874382 20.6046540577 6.6798568543e-08 
30 -0.512318365956 -0.034870767754 -0.608609710006 -7.61721942001 20.6018209003 -3.93947612498e-08 
31 -0.512930258505 -0.0348795222834 -0.608762505367 -7.61752501073 20.5989515429 4.85233253635e-08 
32 -0.51353179036 -0.0348873929829 -0.608899874989 -7.61779974998 20.5960505289 9.90320847942e-08 
33 -0.514123868873 -0.0348944575807 -0.60902317548 -7.61804635096 20.5931206663 2.52094673029e-07 
34 -0.51470820354 -0.0349008417183 -0.609134599701 -7.6182691994 20.590164976 1.908437483e-07 
35 -0.51528586774 -0.0349066058781 -0.609235203269 -7.61847040654 20.5871833471 1.53642279252e-07 
36 -0.515856979392 -0.0349117904005 -0.609325690255 -7.61865138051 20.5841794429 1.18425413878e-07 
37 -0.516422317707 -0.0349164510709 -0.609407034299 -7.6188140686 20.5811544787 6.64510439492e-08 
38 -0.516982619668 -0.0349206378043 -0.609480106581 -7.61896021316 20.5781092932 5.8960989556e-08 
39 -0.517537598815 -0.0349244078293 -0.60954590593 -7.61909181186 20.5750519195 4.40893267989e-08 
40 -0.518087900255 -0.0349278008678 -0.609605125624 -7.61921025125 20.5719826586 -4.50650436786e-08 
41 -0.518634562548 -0.0349308732655 -0.60965874908 -7.61931749816 20.5689011658 -8.83615297755e-08 
42 -0.518634562548 -0.0349308732655 -0.60965874908 -7.61931749816 20.5689011658 -8.83615297755e-08 
43 -0.519147167822 -0.0349346169214 -0.609724088201 -7.6194481764 20.5661057524 -9.40076746931e-08 
44 -0.519654800388 -0.0349380709144 -0.609784371751 -7.6195687435 20.563309821 -7.44094998081e-08 
45 -0.52015855193 -0.0349412228217 -0.609839382912 -7.61967876582 20.5605051936 -1.33704904614e-07 
46 -0.520658102024 -0.0349441163811 -0.609889885051 -7.6197797701 20.5576986439 -7.53251127352e-08 
47 -0.52115328989 -0.0349467733455 -0.609936257827 -7.61987251565 20.5548935496 -8.53396520537e-08 
48 -0.521645354256 -0.0349491931189 -0.60997849084 -7.61995698168 20.5520821037 -6.47368955008e-08 
49 -0.521645354256 -0.0349491931189 -0.60997849084 -7.61995698168 20.5520821037 -6.47368955008e-08 
50 -0.522103502409 -0.0349523189839 -0.610033047476 -7.62006609495 20.5495596567 -7.39409102324e-08 
51 -0.522557716807 -0.0349552386298 -0.610084004911 -7.62016800982 20.5470393007 -1.49511786293e-08 
52 -0.523005908304 -0.0349578479335 -0.610129545851 -7.6202590917 20.5445227347 -1.90279574378e-07 
53 -0.523451236055 -0.0349602864965 -0.610172106805 -7.62034421361 20.5420054422 -1.63480426928e-07 
54 -0.523894798958 -0.0349625978698 -0.610212447878 -7.62042489576 20.5394853057 -3.310256571e-07 
55 -0.524335298134 -0.0349647291375 -0.610249645518 -7.62049929104 20.5369646711 -3.87167333211e-07 
56 -0.524774592678 -0.0349666853311 -0.610283787536 -7.62056757507 20.5344324679 -3.22938843692e-07 
57 -0.524774592678 -0.0349666853311 -0.610283787536 -7.62056757507 20.5344324679 -3.22938843692e-07 
58 -0.525083290375 -0.0349697838687 -0.610337867219 -7.62067573444 20.5328411053 -3.57483517773e-07 
59 -0.525388289809 -0.0349726902297 -0.610388592789 -7.62077718558 20.5312518936 -3.47816046023e-07 
60 -0.525690560392 -0.034975446065 -0.610436691188 -7.62087338238 20.5296633175 -3.13675191934e-07 
61 -0.525990158589 -0.0349780572672 -0.610482265264 -7.62096453053 20.5280756667 -3.05485402776e-07 
62 -0.526287537388 -0.0349805243425 -0.61052532385 -7.6210506477 20.5264861654 -3.46158071319e-07 
63 -0.526581973757 -0.0349828598595 -0.610566086312 -7.62113217262 20.5249007035 -3.37443787834e-07 
64 -0.52687544 -0.0349850863811 -0.610604946444 -7.62120989289 20.5233094153 -4.08910910368e-07 
65 -0.527165357245 -0.0349871785711 -0.610641462048 -7.6212829241 20.521725655 -3.54508375019e-07 
66 -0.5274540746 -0.0349891735824 -0.610676281565 -7.62135256313 20.5201387935 -3.1766368325e-07 
67 -0.527741593763 -0.0349910758388 -0.610709482202 -7.6214189644 20.5185493027 -3.10694133651e-07 
68 -0.528027852497 -0.0349928931149 -0.610741199653 -7.62148239931 20.5169584197 -3.14446698446e-07 
69 -0.528312869731 -0.0349946162281 -0.610771273653 -7.62154254731 20.5153650245 -3.00122888686e-07 
70 -0.528596115638 -0.0349962499253 -0.610799787047 -7.62159957409 20.5137729463 -2.91477116367e-07 
71 -0.528877823443 -0.0349977994709 -0.61082683172 -7.62165366344 20.5121813017 -3.70358261601e-07 
72 -0.529157905798 -0.0349992699787 -0.610852496922 -7.62170499384 20.5105911945 -3.9392755632e-07 
73 -0.529436081636 -0.0350006697858 -0.610876928166 -7.62175385633 20.5090052908 -2.090141381e-07 
74 -0.529711865965 -0.0350019777876 -0.610899757103 -7.62179951421 20.5074243196 -1.86426805951e-07 
75 -0.529986372911 -0.0350031954939 -0.610921010087 -7.62184202017 20.5058414824 -2.10485211337e-07 
76 -0.530259916239 -0.0350043615737 -0.61094136202 -7.62188272404 20.5042590361 -2.02005959486e-07 
77 -0.530531742928 -0.0350054673082 -0.610960660727 -7.62192132145 20.5026807362 -1.84152271414e-07 
78 -0.530803202261 -0.0350065091008 -0.610978843439 -7.62195768688 20.5010977574 -1.87871727056e-07 
79 -0.53107339239 -0.0350075013167 -0.610996160872 -7.62199232174 20.499517303 -2.14309823071e-07 
80 -0.531341946936 -0.0350084508053 -0.611012732575 -7.62202546515 20.4979424102 -1.84057230829e-07 
81 -0.531610395539 -0.0350093373588 -0.611028205852 -7.6220564117 20.4963613145 -1.16655087927e-07 
82 -0.531877553997 -0.0350101842794 -0.611042987406 -7.62208597481 20.4947839588 -1.12864691385e-07 
83 -0.532143928285 -0.0350109974545 -0.611057179988 -7.62211435998 20.4932078231 -8.67572582394e-08 
84 -0.532409730692 -0.0350117643621 -0.611070565051 -7.6221411301 20.4916302147 -1.31540157612e-07 
85 -0.532673770751 -0.0350125228077 -0.611083802425 -7.62216760485 20.490062698 -1.03876854352e-07 
86 -0.532938399681 -0.0350132908519 -0.611097207324 -7.62219441465 20.4884925478 -8.56801506088e-08 
