0 5.29748084291 5.29673169621 -3.35326830379 10.0008660656 0.00019836134102
1 5.29098535902 5.28893136908 -3.36106863092 10.0023745548 0.00019381905352
2 5.28389263486 5.28156528549 -3.36843471451 10.0026905773 0.000213329354132
3 5.27789544828 5.27496806325 -3.37503193675 10.0033842602 0.000179935704539
4 5.27252431996 5.26903051727 -3.38096948273 10.0040390783 0.000211064691185
5 5.26788825815 5.26377665361 -3.38622334639 10.0047533 0.00021300525493
6 5.26368708973 5.25903746465 -3.39096253535 10.0053752891 0.000204958497914
7 5.26006215479 5.25480833736 -3.39519166264 10.0060737774 0.00022757296327
8 5.25696433516 5.25102459588 -3.39897540412 10.0068667506 0.000202863447073
9 5.25431402541 5.2476431039 -3.4023568961 10.007712048 0.00019872884923
10 5.25204582457 5.24463350598 -3.40536649402 10.0085691544 0.000197235042728
11 5.25012829718 5.24193010126 -3.40806989874 10.0094776831 0.000208959681766
12 5.24848181292 5.239503442 -3.410496558 10.0103796196 0.000259292314049
13 5.2470711076 5.237346344 -3.412653656 10.0112425013 0.000268881400324
14 5.24588071008 5.23541946714 -3.41458053286 10.0120939225 0.000250497134899
15 5.2448887902 5.23368778463 -3.41631221537 10.0129491394 0.000253139644431
16 5.24410006561 5.232158497 -3.417841503 10.0138052816 0.000237462871776
17 5.24346387779 5.23078240857 -3.41921759143 10.014660658 0.000262637293949
18 5.24294129126 5.22955105929 -3.42044894071 10.015480037 0.000282129743123
19 5.2425971656 5.22847237517 -3.42152762483 10.0163292375 0.000292443448703
20 5.24234769326 5.22750765507 -3.42249234493 10.0171561135 0.000278232395366
21 5.24214250176 5.2266630442 -3.4233369558 10.0178953267 0.000316610707478
22 5.24206241541 5.22591213996 -3.42408786004 10.0186708387 0.000296220390832
23 5.24204474491 5.22524404439 -3.42475595561 10.0194227752 0.000298125656106
24 5.24205877656 5.2246563612 -3.4253436388 10.0201183993 0.00026399949808
25 5.24214897204 5.22414089921 -3.42585910079 10.0208185813 0.000242689646202
26 5.24228256897 5.22367891994 -3.42632108006 10.0215071087 0.000247022034689
27 5.24247541843 5.22328117226 -3.42671882774 10.02218988 0.00022888625879
28 5.24270838766 5.22293846864 -3.42706153136 10.0228553977 0.000218074598546
29 5.24299464587 5.222644783 -3.427355217 10.023525853 0.000193419404247
30 5.24331478158 5.22239726092 -3.42760273908 10.0241821048 0.00018715947183
31 5.24362397851 5.22219462713 -3.42780537287 10.0247738166 0.000173901865125
32 5.24398784019 5.22200728413 -3.42799271587 10.0254110475 0.000167557359887
33 5.24437759608 5.22186713531 -3.42813286469 10.0260236541 0.000144580589432
34 5.24477639235 5.22174372399 -3.42825627601 10.0266273623 0.000156394699987
35 5.24518005561 5.22163979492 -3.42836020508 10.0272141742 0.000163483514748
36 5.24561416362 5.22156363094 -3.42843636906 10.027804084 0.000161054535068
37 5.2460374303 5.22149875977 -3.42850124023 10.0283684052 0.000199574516918
38 5.24646858797 5.22145060155 -3.42854939845 10.0289225277 0.000185843989136
39 5.24691562201 5.22141246111 -3.42858753889 10.029483423 0.000168592211574
40 5.24734340625 5.22137564604 -3.42862435396 10.030020532 0.000153600827785
41 5.24765611529 5.22134409313 -3.42865590687 10.0304185227 0.000143996732572
42 5.2479760471 5.22132642908 -3.42867357092 10.030808807 0.000139712799503
43 5.2479760471 5.22132642908 -3.42867357092 10.030808807 0.000139712799503
44 5.24820263034 5.22131361051 -3.42868638949 10.0310855721 0.000136739274966
45 5.2479760471 5.22132642908 -3.42867357092 10.030808807 0.000139712799503
46 5.24618089709 5.21759577054 -3.43240422946 10.0330463891 0.000173247546539
47 5.24499027327 5.21429418558 -3.43570581442 10.0354868066 0.000198855045776
48 5.24428613947 5.21133179205 -3.43866820795 10.0380975115 0.000178987744963
49 5.24407106441 5.20868645438 -3.44131354562 10.0409070636 0.000139810935839
50 5.24425404461 5.20631250398 -3.44368749602 10.0438630527 9.22611369061e-05
51 5.24480053682 5.20418414936 -3.44581585064 10.0469553612 9.37439954639e-05
52 5.24564719169 5.2022262301 -3.4477737699 10.0501976435 8.86733404907e-05
53 5.2467752273 5.20046951382 -3.44953048618 10.0535326167 9.90031469802e-05
54 5.24814306205 5.1988803477 -3.4511196523 10.0569511149 8.98528161274e-05
55 5.24973294561 5.1974426748 -3.4525573252 10.0604511801 6.49987815771e-05
56 5.25150339311 5.19609335212 -3.45390664788 10.0640578509 6.8506028127e-05
57 5.25344606386 5.194881458 -3.455118542 10.0677047467 7.12010405151e-05
58 5.25556801065 5.19377128936 -3.45622871064 10.0714412963 7.61999404409e-05
59 5.25777859428 5.19272899051 -3.45727100949 10.0752018541 6.81533994614e-05
60 5.26013913865 5.19178610214 -3.45821389786 10.0790208515 8.42586580209e-05
61 5.26260085399 5.19089633452 -3.45910366548 10.0828953982 8.68212838544e-05
62 5.26515209284 5.19006720104 -3.45993279896 10.0868033431 8.28501625351e-05
63 5.26782705341 5.18929896155 -3.46070103845 10.0907839212 7.58082491628e-05




