0 5.37480878532 5.26029148003 -3.33970851997 10.1331596573 0.366611537075
1 5.36362557753 5.25426978057 -3.34573021943 10.1271579034 0.366468229156
2 5.35184597352 5.24842954498 -3.35157045502 10.1202516611 0.366407238386
3 5.34103534594 5.2432256519 -3.3567743481 10.1137322024 0.366248545384
4 5.33087472675 5.23851472961 -3.36148527039 10.1073953455 0.365998117724
5 5.32142104084 5.23427658138 -3.36572341862 10.1013307668 0.365635589012
6 5.31264326648 5.23048695206 -3.36951304794 10.0955305982 0.365142880166
7 5.30449621677 5.22708972362 -3.37291027638 10.0900075502 0.364563479251
8 5.29691900375 5.22401294599 -3.37598705401 10.0847744858 0.363905053121
9 5.28985036323 5.22125383727 -3.37874616273 10.0797634023 0.363184379798
10 5.2832633198 5.21877813351 -3.38122186649 10.0749827748 0.362411270589
11 5.2770844301 5.21653991142 -3.38346008858 10.0704006031 0.361603647673
12 5.27128420251 5.21451336873 -3.38548663127 10.0660125974 0.360743776574
13 5.26583287619 5.21269450917 -3.38730549083 10.0617887989 0.359813375666
14 5.26068778396 5.2110486294 -3.3889513706 10.0577199472 0.35881523732
15 5.25582911891 5.20955001871 -3.39044998129 10.0538129072 0.357728034414
16 5.25119530176 5.20818256963 -3.39181743037 10.0500148048 0.356550090692
17 5.24679124544 5.20693231214 -3.39306768786 10.0463475969 0.355306641245
18 5.24260812769 5.20580059628 -3.39419940372 10.0427994551 0.353986417913
19 5.23862695892 5.20476477589 -3.39523522411 10.0393746314 0.352603311204
20 5.23486583322 5.20382650298 -3.39617349702 10.0360922445 0.351172103118
21 5.23130645113 5.20297615446 -3.39702384554 10.0329422054 0.349682775313
22 5.22790424872 5.20220538576 -3.39779461424 10.0298823988 0.348143246207
23 5.22467134047 5.20150812417 -3.39849187583 10.0269339724 0.346562100617
24 5.22158684286 5.20087823592 -3.39912176408 10.0240797755 0.344950593066
25 5.21864493139 5.20030826305 -3.39969173695 10.0213217074 0.343310264501
26 5.2158310087 5.19979277152 -3.40020722848 10.018649113 0.341661519852
27 5.21314505104 5.19932917819 -3.40067082181 10.0160649684 0.339985030172
28 5.21057143613 5.19891255778 -3.40108744222 10.0135568353 0.338308700311
29 5.20811286659 5.1985398724 -3.4014601276 10.0111313886 0.33662186989
30 5.20575131391 5.19820205997 -3.40179794003 10.0087782023 0.334926744349
31 5.20347822533 5.19789917074 -3.40210082926 10.0064872728 0.333218252389
32 5.20128943363 5.19762877108 -3.40237122892 10.0042565844 0.33150941498
33 5.19917200327 5.1973846944 -3.4026153056 10.0020782661 0.329787782113
34 5.19710841853 5.19716664863 -3.40283335137 9.99993229059 0.328064256072
35 5.19509379512 5.19697204146 -3.40302795854 9.99781599263 0.326329010558
36 5.19313251718 5.19679340403 -3.40320659597 9.99574315483 0.324573386796
37 5.1912013334 5.19663551939 -3.40336448061 9.99368117908 0.32281247026
38 5.18931020202 5.19649577973 -3.40350422027 9.99164467708 0.321034745853
39 5.18745316627 5.19637759595 -3.40362240405 9.98962275618 0.319236505412
40 5.18561724359 5.19627761846 -3.40372238154 9.98760421527 0.317421789431
41 5.18409827739 5.19620517992 -3.40379482008 9.98592220635 0.315883622806
42 5.18260034977 5.19613987933 -3.40386012067 9.98425636098 0.314354876792
43 5.18112002786 5.19608925262 -3.40391074738 9.9825939247 0.312800342321
44 5.17966895446 5.19604816966 -3.40395183034 9.98095440092 0.311240508943
45 5.17824112134 5.19602222627 -3.40397777373 9.97932429659 0.3096665618
46 5.17683761796 5.1959988144 -3.4040011856 9.97771953902 0.308097637949
47 5.17545625593 5.19598181128 -3.40401818872 9.97613307517 0.306522972504
48 5.17545625593 5.19598181128 -3.40401818872 9.97613307517 0.306522972504
49 5.17432961219 5.19596727458 -3.40403272542 9.97483992745 0.305261275147



