#Free Fermins, two electron , nu=-60, L=1, Ex=69.08723
4   -63.1967149            -68.08823                ""                        -68.08727          -63.1966
6   -66.0308683            -68.81620                ""                        -68.8091155        -66.013159
8   -67.2855733            -68.9720062195       -56.6956499265            -68.9826323        -67.21018642
10  -68.00855733           -69.0460062195       -59.11752040              -69.039703         -67.82474619
12  -68.18086867           -69.082671           -60.4940956636            -69.0626718        -68.18086867
14    ""                      ""                -62.397840902671           -69.07330                 -68.573846884       -68.28086867  
16   ""             ""                          -63.297840902671          -69.0787620               -68.72427927







