0 -0.897110758273 
1 -1.14931567454 
2 -1.19284006696 
3 -1.20490150901 
4 -1.20942513786 
5 -1.21138769772 
6 -1.21230238848 
7 -1.21274403595 
8 -1.2129610492 
9 -1.21306861718 
10 -1.21312216823 
11 -1.21314888573 
12 -1.21316223001 
13 -1.21316889853 
14 -1.23437759261 
15 -1.25479347548 
16 -1.25751608862 
17 -1.25846785312 
18 -1.25888046766 
19 -1.25907381654 
20 -1.25916753873 
21 -1.25921369419 
22 -1.25923659936 
23 -1.25924800928 
24 -1.25925370363 
25 -1.25925654816 
26 -1.25925796977 
27 -1.2592586804 
28 -1.26077911252 
29 -1.2636505149 
30 -1.26451092807 
31 -1.26486953584 
32 -1.26503445014 
33 -1.26511364853 
34 -1.26515247105 
35 -1.26517169268 
36 -1.26518125664 
37 -1.26518602697 
38 -1.26518840923 
39 -1.26518959964 
40 -1.26519019466 
41 -1.26519049213 
42 -1.26540479471 
43 -1.26670101546 
44 -1.26715540053 
45 -1.26735178895 
46 -1.2674434919 
47 -1.26748784047 
48 -1.2675096522 
49 -1.26752046898 
50 -1.26752585529 
51 -1.26752854294 
52 -1.2675298854 
53 -1.26753055628 
54 -1.26753089164 
55 -1.2675310593 
56 -1.26753114312 
57 -1.26768339286 
58 -1.26848423729 
59 -1.26874583749 
60 -1.26885092681 
61 -1.26889789854 
62 -1.26892009203 
63 -1.26893087781 
64 -1.26893619444 
65 -1.26893883388 
66 -1.26894014891 
67 -1.26894080524 
68 -1.26894113312 
69 -1.26894129699 
70 -1.2689413789 
71 -1.26894141985 
72 -1.26903214817 
73 -1.2693442043 
74 -1.26942650381 
75 -1.26945569747 
76 -1.26946798885 
77 -1.2694736305 
78 -1.26947633351 
79 -1.26947765653 
80 -1.26947831104 
81 -1.26947863656 
82 -1.26947879888 
83 -1.26947887994 
84 -1.26947892044 
85 -1.26947894068 
86 -1.2694789508 
87 -1.26951709948 
88 -1.26959788598 
89 -1.26962415172 
90 -1.26963279144 
91 -1.26963622265 
92 -1.26963774778 
93 -1.26963846647 
94 -1.2696388153 
95 -1.26963898713 
96 -1.26963907241 
97 -1.2696391149 
98 -1.2696391361 
99 -1.26963914669 
100 -1.26963915198 
101 -1.26963915463 
102 -1.26963915595 
103 -1.26965754514 
104 -1.26967695561 
105 -1.2696935304 
106 -1.26969842411 
107 -1.26970011288 
108 -1.26970079711 
109 -1.26970110324 
110 -1.26970124779 
111 -1.269701318 
112 -1.2697013526 
113 -1.26970136977 
114 -1.26970137832 
115 -1.26970138259 
116 -1.26970138472 
117 -1.26970138579 
118 -1.26970138632 
