0 -1.10986512781 
1 -1.1688641722 
2 -1.18875057836 
3 -1.19589524969 
4 -1.19888164898 
5 -1.20024539172 
6 -1.20089692417 
7 -1.20121534874 
8 -1.20137275532 
9 -1.20145101086 
10 -1.20149002714 
11 -1.20150950747 
12 -1.20151924069 
13 -1.20152410556 
14 -1.22197152262 
15 -1.243008251 
16 -1.24563377982 
17 -1.24639277854 
18 -1.24669081772 
19 -1.24682381579 
20 -1.24688674392 
21 -1.24691736413 
22 -1.24693246907 
23 -1.24693997096 
24 -1.24694370934 
25 -1.24694557541 
26 -1.24694650766 
27 -1.24694697359 
28 -1.25278414588 
29 -1.25564960071 
30 -1.25621468009 
31 -1.2564341464 
32 -1.25653316833 
33 -1.25658035767 
34 -1.25660340609 
35 -1.25661479751 
36 -1.25662046046 
37 -1.2566232838 
38 -1.25662469344 
39 -1.25662539776 
40 -1.25662574979 
41 -1.25662592577 
42 -1.25780210507 
43 -1.25925585849 
44 -1.25954106444 
45 -1.25963618028 
46 -1.25967495399 
47 -1.25969245422 
48 -1.25970076732 
49 -1.25970481871 
50 -1.25970681861 
51 -1.25970781217 
52 -1.25970830736 
53 -1.25970855457 
54 -1.25970867807 
55 -1.25970873979 
56 -1.25970877065 
57 -1.26020415521 
58 -1.26063507129 
59 -1.26066379131 
60 -1.26067089836 
61 -1.26067342971 
62 -1.26067449984 
63 -1.26067499199 
64 -1.26067522801 
65 -1.26067534359 
66 -1.26067540077 
67 -1.26067542922 
68 -1.26067544341 
69 -1.26067545049 
70 -1.26067545403 
71 -1.2606754558 
72 -1.26134832292 
73 -1.26172186438 
74 -1.26172512938 
75 -1.26172566393 
76 -1.26172581588 
77 -1.26172587155 
78 -1.26172589506 
79 -1.26172590581 
80 -1.26172591095 
81 -1.26172591346 
82 -1.2617259147 
83 -1.26172591531 
84 -1.26172591562 
85 -1.26172591577 
86 -1.26172591585 
87 -1.26220337644 
88 -1.26236322711 
89 -1.2623648505 
90 -1.26236525308 
91 -1.26236536666 
92 -1.26236540496 
93 -1.26236541995 
94 -1.26236542646 
95 -1.26236542947 
96 -1.26236543092 
97 -1.26236543163 
98 -1.26236543198 
99 -1.26236543215 
100 -1.26236543224 
101 -1.26236543228 
102 -1.26236543231 
103 -1.2626995319 
104 -1.26286627483 
105 -1.26286886315 
106 -1.26286954317 
107 -1.26286972455 
108 -1.26286978156 
109 -1.26286980264 
110 -1.26286981145 
111 -1.26286981544 
112 -1.26286981733 
113 -1.26286981825 
114 -1.2628698187 
115 -1.26286981892 
116 -1.26286981904 
117 -1.26286981909 
118 -1.26286981912 
119 -1.26329683273 
120 -1.26346923009 
121 -1.26347363834 
122 -1.26347482689 
123 -1.2634751334 
124 -1.26347522394 
125 -1.26347525571 
126 -1.2634752685 
127 -1.26347527415 
128 -1.26347527679 
129 -1.26347527807 
130 -1.26347527869 
131 -1.26347527901 
132 -1.26347527916 
133 -1.26347527924 
134 -1.26347527928 
135 -1.26356128172 
136 -1.26355996415 
137 -1.2635665724 
138 -1.26356840099 
139 -1.26356886972 
140 -1.26356900106 
141 -1.26356904492 
142 -1.26356906193 
143 -1.26356906927 
144 -1.26356907266 
145 -1.26356907428 
146 -1.26356907508 
147 -1.26356907547 
148 -1.26356907567 
149 -1.26356907576 
150 -1.26356907581 
151 -1.26356907584 
152 -1.26357137123 
153 -1.26357261239 
154 -1.26356947891 
155 -1.26357224515 
156 -1.26357296698 
157 -1.26357315978 
158 -1.26357322069 
159 -1.26357324331 
160 -1.26357325278 
161 -1.26357325707 
162 -1.26357325911 
163 -1.2635732601 
164 -1.26357326059 
165 -1.26357326083 
166 -1.26357326095 
167 -1.26357326101 
168 -1.26357326104 
169 -1.26357328631 
170 -1.26357360482 
171 -1.26357363476 
172 -1.26357336989 
173 -1.26357358847 
174 -1.26357366497 
175 -1.26357369278 
176 -1.26357370411 
177 -1.26357370914 
178 -1.2635737115 
179 -1.26357371264 
180 -1.2635737132 
181 -1.26357371348 
182 -1.26357371361 
183 -1.26357371368 
184 -1.26357371372 
185 -1.26357377932 
186 -1.26357378995 
187 -1.26357379129 
188 -1.2635738031 
189 -1.26357381451 
190 -1.26357382065 
191 -1.2635738236 
192 -1.26357382502 
193 -1.26357382571 
194 -1.26357382605 
195 -1.26357382622 
196 -1.26357382631 
197 -1.26357382635 
198 -1.26357382637 
199 -1.26357382638 
200 -1.26357387749 
201 -1.26357388005 
202 -1.26357389487 
203 -1.26357390354 
204 -1.26357390768 
205 -1.26357390964 
206 -1.2635739106 
207 -1.26357391106 
208 -1.2635739113 
209 -1.26357391141 
210 -1.26357391147 
211 -1.2635739115 
212 -1.26357391151 
